0.000000000000000000e+00 8.439902643254843673e-12 1.000005810318986832e+00
1.759530791788856130e-02 8.439901770771854413e-12 1.000005810318686406e+00
3.519061583577712260e-02 8.439900659968500162e-12 1.000005810318304045e+00
5.278592375366569084e-02 8.439903726631979430e-12 1.000005810319359645e+00
7.038123167155424520e-02 8.439917939168589973e-12 1.000005810324251954e+00
8.797653958944282038e-02 8.439952286452163210e-12 1.000005810336074719e+00
1.055718475073313817e-01 8.440017096876186909e-12 1.000005810358383540e+00
1.231671554252199430e-01 8.440123220612328313e-12 1.000005810394912986e+00
1.407624633431084904e-01 8.440281208267613217e-12 1.000005810449294152e+00
1.583577712609970656e-01 8.440500494390057973e-12 1.000005810524774219e+00
1.759530791788856408e-01 8.440788667317452691e-12 1.000005810623964209e+00
1.935483870967741882e-01 8.441150879423420961e-12 1.000005810748636259e+00
2.111436950146627634e-01 8.441589474984791953e-12 1.000005810899595948e+00
2.287390029325513108e-01 8.442103772015413506e-12 1.000005811076605688e+00
2.463343108504398860e-01 8.442690140419074665e-12 1.000005811278414702e+00
2.639296187683284334e-01 8.443342291706841429e-12 1.000005811502855613e+00
2.815249266862169808e-01 8.444051715886359016e-12 1.000005811746997431e+00
2.991202346041055837e-01 8.444808396964711356e-12 1.000005812007390915e+00
3.167155425219941312e-01 8.445601546134755812e-12 1.000005812280321704e+00
3.343108504398826786e-01 8.446420447227480144e-12 1.000005812562100305e+00
3.519061583577712815e-01 8.447255283211732329e-12 1.000005812849348086e+00
3.695014662756598289e-01 8.448097897767458428e-12 1.000005813139257960e+00
3.870967741935483764e-01 8.448942411571281678e-12 1.000005813429806656e+00
4.046920821114369238e-01 8.449785709664025037e-12 1.000005813719922587e+00
4.222873900293255267e-01 8.450627657991077834e-12 1.000005814009559790e+00
4.398826979472141296e-01 8.451471107345800011e-12 1.000005814299698814e+00
4.574780058651026216e-01 8.452321700679136132e-12 1.000005814592280551e+00
4.750733137829911690e-01 8.453187436843891472e-12 1.000005814890056133e+00
4.926686217008797719e-01 8.454078037645124495e-12 1.000005815196367998e+00
5.102639296187683193e-01 8.455004215507725874e-12 1.000005815514899199e+00
5.278592375366568668e-01 8.455976829784804309e-12 1.000005815849381863e+00
5.454545454545454142e-01 8.457006080526881868e-12 1.000005816203321185e+00
5.630498533724339616e-01 8.458100692829613615e-12 1.000005816579713436e+00
5.806451612903226200e-01 8.459267252567088175e-12 1.000005816980818363e+00
5.982404692082111675e-01 8.460509724228243828e-12 1.000005817407993991e+00
6.158357771260997149e-01 8.461829111388441716e-12 1.000005817861580049e+00
6.334310850439882623e-01 8.463223390630422111e-12 1.000005818340874431e+00
6.510263929618768097e-01 8.464687674184307649e-12 1.000005818844190708e+00
6.686217008797653572e-01 8.466214588002447955e-12 1.000005819368988691e+00
6.862170087976539046e-01 8.467794829174832420e-12 1.000005819912064942e+00
7.038123167155425630e-01 8.469417891880434763e-12 1.000005820469805018e+00
7.214076246334311104e-01 8.471072872510165975e-12 1.000005821038458143e+00
7.390029325513196579e-01 8.472749320622840336e-12 1.000005821614430968e+00
7.565982404692082053e-01 8.474438041048205035e-12 1.000005822194562688e+00
7.741935483870967527e-01 8.476131808488442609e-12 1.000005822776369735e+00
7.917888563049854111e-01 8.477825940889968825e-12 1.000005823358244283e+00
8.093841642228738475e-01 8.479518622368011674e-12 1.000005823939562388e+00
8.269794721407623950e-01 8.481211117233109899e-12 1.000005824520758591e+00
8.445747800586510534e-01 8.482907609165590204e-12 1.000005825103268853e+00
8.621700879765396008e-01 8.484614921873732417e-12 1.000005825689435968e+00
8.797653958944282593e-01 8.486341987625419546e-12 1.000005826282324595e+00
8.973607038123166957e-01 8.488099151721318492e-12 1.000005826885483895e+00
9.149560117302052431e-01 8.489897392759738300e-12 1.000005827502678635e+00
9.325513196480939015e-01 8.491747467534487568e-12 1.000005828137595865e+00
9.501466275659823379e-01 8.493659076664175362e-12 1.000005828793557594e+00
9.677419354838709964e-01 8.495640144368539873e-12 1.000005829473276098e+00
9.853372434017595438e-01 8.497696180292670159e-12 1.000005830178632982e+00
1.002932551319648091e+00 8.499829864490477326e-12 1.000005830910538185e+00
1.020527859237536639e+00 8.502040863380119852e-12 1.000005831668867362e+00
1.038123167155425186e+00 8.504325807831468938e-12 1.000005832452454779e+00
1.055718475073313734e+00 8.506678603874929456e-12 1.000005833259200783e+00
1.073313782991202281e+00 8.509090865824819896e-12 1.000005834086221013e+00
1.090909090909090828e+00 8.511552580380322269e-12 1.000005834930074888e+00
1.108504398826979376e+00 8.514052872643255099e-12 1.000005835787027841e+00
1.126099706744867923e+00 8.516580856420620073e-12 1.000005836653343971e+00
1.143695014662756693e+00 8.519126475914418133e-12 1.000005837525574037e+00
1.161290322580645240e+00 8.521681268832482004e-12 1.000005838400815916e+00
1.178885630498533788e+00 8.524239039723768333e-12 1.000005839276946862e+00
1.196480938416422335e+00 8.526796359938100775e-12 1.000005840152791814e+00
1.214076246334310660e+00 8.529352797392842832e-12 1.000005841028203335e+00
1.231671554252199430e+00 8.531910983961539754e-12 1.000005841904082260e+00
1.249266862170087977e+00 8.534476429729755894e-12 1.000005842782314858e+00
1.266862170087976525e+00 8.537057064471983128e-12 1.000005843665614069e+00
1.284457478005865072e+00 8.539662674611931441e-12 1.000005844557326329e+00
1.302052785923753619e+00 8.542304126115619482e-12 1.000005845461165777e+00
1.319648093841642389e+00 8.544992529857176453e-12 1.000005846380927599e+00
1.337243401759530714e+00 8.547738406524621718e-12 1.000005847320202479e+00
1.354838709677419262e+00 8.550550862955126895e-12 1.000005848282096155e+00
1.372434017595307809e+00 8.553436889629485382e-12 1.000005849268987168e+00
1.390029325513196357e+00 8.556400838042429595e-12 1.000005850282350561e+00
1.407624633431085126e+00 8.559444077450636118e-12 1.000005851322640860e+00
1.425219941348973673e+00 8.562564875813183777e-12 1.000005852389251215e+00
1.442815249266862221e+00 8.565758566129626142e-12 1.000005853480573359e+00
1.460410557184750768e+00 8.569017865793206908e-12 1.000005854594105292e+00
1.478005865102639316e+00 8.572333466050711620e-12 1.000005855726654458e+00
1.495601173020527863e+00 8.575694752116665219e-12 1.000005856874585985e+00
1.513196480938416411e+00 8.579090606781906312e-12 1.000005858034094697e+00
1.530791788856304958e+00 8.582510281645107091e-12 1.000005859201504643e+00
1.548387096774193505e+00 8.585944232532203343e-12 1.000005860373554434e+00
1.565982404692082053e+00 8.589384865449124540e-12 1.000005861547649699e+00
1.583577712609970822e+00 8.592827102286465944e-12 1.000005862722057159e+00
1.601173020527859370e+00 8.596268839273319954e-12 1.000005863896058722e+00
1.618768328445747695e+00 8.599711058443403408e-12 1.000005865069989897e+00
1.636363636363636243e+00 8.603157787297166875e-12 1.000005866245223585e+00
1.653958944281524790e+00 8.606615800785966514e-12 1.000005867424068384e+00
1.671554252199413559e+00 8.610094091554532054e-12 1.000005868609586956e+00
1.689149560117302107e+00 8.613603196670732735e-12 1.000005869805365544e+00
1.706744868035190654e+00 8.617154375202918948e-12 1.000005871015233083e+00
1.724340175953079202e+00 8.620758769859564654e-12 1.000005872242976324e+00
1.741935483870967749e+00 8.624426528572050481e-12 1.000005873492039399e+00
1.759530791788856519e+00 8.628166027903242903e-12 1.000005874765260483e+00
1.777126099706744844e+00 8.631983242059096409e-12 1.000005876064657295e+00
1.794721407624633391e+00 8.635881273642519150e-12 1.000005877391268116e+00
1.812316715542521939e+00 8.639860105867392781e-12 1.000005878745069188e+00
1.829912023460410486e+00 8.643916633437932364e-12 1.000005880124985369e+00
1.847507331378299256e+00 8.648044871683059423e-12 1.000005881528962748e+00
1.865102639296187803e+00 8.652236427081044101e-12 1.000005882954131398e+00
1.882697947214076351e+00 8.656481154050364332e-12 1.000005884397026756e+00
1.900293255131964676e+00 8.660767928488847971e-12 1.000005885853856302e+00
1.917888563049853445e+00 8.665085519364951659e-12 1.000005887320794207e+00
1.935483870967741993e+00 8.669423449658171653e-12 1.000005888794274655e+00
1.953079178885630762e+00 8.673772822721426112e-12 1.000005890271271847e+00
1.970674486803519088e+00 8.678127014527230852e-12 1.000005891749534470e+00
1.988269794721407413e+00 8.682482189659057345e-12 1.000005893227760012e+00
2.005865102639296182e+00 8.686837611319202104e-12 1.000005894705698450e+00
2.023460410557184730e+00 8.691195711362104331e-12 1.000005896184175125e+00
2.041055718475073277e+00 8.695561912830421144e-12 1.000005897665028121e+00
2.058651026392961825e+00 8.699944220048550774e-12 1.000005899150970157e+00
2.076246334310850372e+00 8.704352611972865884e-12 1.000005900645379420e+00
2.093841642228738920e+00 8.708798285019336669e-12 1.000005902152043546e+00
2.111436950146627467e+00 8.713292780222096129e-12 1.000005903674862529e+00
2.129032258064516014e+00 8.717847122070611363e-12 1.000005905217558499e+00
2.146627565982404562e+00 8.722470957843748069e-12 1.000005906783381748e+00
2.164222873900293109e+00 8.727171818558154986e-12 1.000005908374863584e+00
2.181818181818181657e+00 8.731954546688896950e-12 1.000005909993621822e+00
2.199413489736070648e+00 8.736820917498712266e-12 1.000005911640234890e+00
2.217008797653958752e+00 8.741769499366075046e-12 1.000005913314194972e+00
2.234604105571847743e+00 8.746795778586821374e-12 1.000005915013952862e+00
2.252199413489735846e+00 8.751892485174985536e-12 1.000005916737029210e+00
2.269794721407624394e+00 8.757050175706605943e-12 1.000005918480211697e+00
2.287390029325513385e+00 8.762257954210315687e-12 1.000005920239802393e+00
2.304985337243401489e+00 8.767504310308259777e-12 1.000005922011898418e+00
2.322580645161290480e+00 8.772778022217715988e-12 1.000005923792700813e+00
2.340175953079178583e+00 8.778069024011312594e-12 1.000005925578803634e+00
2.357771260997067575e+00 8.783369200318631655e-12 1.000005927367463743e+00
2.375366568914956122e+00 8.788673015153229145e-12 1.000005929156811746e+00
2.392961876832844670e+00 8.793977950374457640e-12 1.000005930945997656e+00
2.410557184750733217e+00 8.799284733101585790e-12 1.000005932735266834e+00
2.428152492668621321e+00 8.804597257802797034e-12 1.000005934525931783e+00
2.445747800586510312e+00 8.809922344558886943e-12 1.000005936320288891e+00
2.463343108504398860e+00 8.815269176108997359e-12 1.000005938121427684e+00
2.480938416422287407e+00 8.820648636293474685e-12 1.000005939933006571e+00
2.498533724340175954e+00 8.826072479290486063e-12 1.000005941758972394e+00
2.516129032258064502e+00 8.831552399055645335e-12 1.000005943603247349e+00
2.533724340175953049e+00 8.837099175032993830e-12 1.000005945469440105e+00
2.551319648093841597e+00 8.842721815849330985e-12 1.000005947360559588e+00
2.568914956011730144e+00 8.848426877963071930e-12 1.000005949278786499e+00
2.586510263929618691e+00 8.854217974934977315e-12 1.000005951225308554e+00
2.604105571847507239e+00 8.860095466513752142e-12 1.000005953200219233e+00
2.621700879765395786e+00 8.866056469621351642e-12 1.000005955202521779e+00
2.639296187683284778e+00 8.872095052628382654e-12 1.000005957230197362e+00
2.656891495601172881e+00 8.878202698606301459e-12 1.000005959280361179e+00
2.674486803519061429e+00 8.884368978649595434e-12 1.000005961349492045e+00
2.692082111436949976e+00 8.890582340458421159e-12 1.000005963433695078e+00
2.709677419354838523e+00 8.896831010723578285e-12 1.000005965529007668e+00
2.727272727272727515e+00 8.903103919210907562e-12 1.000005967631707682e+00
2.744868035190615618e+00 8.909391557202158955e-12 1.000005969738601896e+00
2.762463343108504610e+00 8.915686707981109961e-12 1.000005971847269137e+00
2.780058651026392713e+00 8.921985058841533642e-12 1.000005973956263006e+00
2.797653958944281705e+00 8.928285516286907516e-12 1.000005976065218016e+00
2.815249266862170252e+00 8.934590301912742450e-12 1.000005978174876908e+00
2.832844574780058355e+00 8.940904824383710012e-12 1.000005980287047791e+00
2.850439882697947347e+00 8.947237268083086025e-12 1.000005982404464477e+00
2.868035190615835450e+00 8.953597959691199351e-12 1.000005984530572434e+00
2.885630498533724442e+00 8.959998608244547727e-12 1.000005986669273872e+00
2.903225806451612989e+00 8.966451389953746893e-12 1.000005988824622216e+00
2.920821114369501537e+00 8.972968040293452302e-12 1.000005991000516570e+00
2.938416422287390084e+00 8.979558938363142322e-12 1.000005993200398624e+00
2.956011730205278631e+00 8.986232326398746158e-12 1.000005995426991534e+00
2.973607038123167179e+00 8.992993664138917956e-12 1.000005997682086090e+00
2.991202346041055726e+00 8.999845211963738495e-12 1.000005999966403492e+00
3.008797653958944274e+00 9.006785858129208612e-12 1.000006002279540063e+00
3.026392961876832821e+00 9.013811219009089726e-12 1.000006004620002331e+00
3.043988269794721369e+00 9.020913940909423239e-12 1.000006006985310281e+00
3.061583577712609916e+00 9.028084310938239891e-12 1.000006009372201632e+00
3.079178885630498907e+00 9.035310981700437971e-12 1.000006011776875647e+00
3.096774193548387011e+00 9.042581852625808402e-12 1.000006014195286674e+00
3.114369501466275558e+00 9.049885023261674570e-12 1.000006016623462557e+00
3.131964809384164106e+00 9.057209719541751570e-12 1.000006019057811724e+00
3.149560117302052653e+00 9.064547114235495741e-12 1.000006021495394304e+00
3.167155425219941645e+00 9.071891079073393820e-12 1.000006023934172150e+00
3.184750733137829748e+00 9.079238617831866077e-12 1.000006026373149171e+00
3.202346041055718739e+00 9.086590126658193024e-12 1.000006028812456149e+00
3.219941348973606843e+00 9.093949436092896427e-12 1.000006031253363625e+00
3.237536656891495390e+00 9.101323466119631508e-12 1.000006033698163099e+00
3.255131964809384382e+00 9.108721745642024980e-12 1.000006036150007160e+00
3.272727272727272485e+00 9.116155685889019851e-12 1.000006038612666792e+00
3.290322580645161477e+00 9.123637713818187410e-12 1.000006041090242936e+00
3.307917888563049580e+00 9.131180338758718543e-12 1.000006043586856963e+00
3.325513196480938571e+00 9.138795176776827815e-12 1.000006046106327595e+00
3.343108504398827119e+00 9.146492063572422816e-12 1.000006048651878698e+00
3.360703812316715666e+00 9.154278332057925734e-12 1.000006051225901027e+00
3.378299120234604214e+00 9.162158199869409648e-12 1.000006053829751718e+00
3.395894428152492317e+00 9.170132483671163552e-12 1.000006056463661919e+00
3.413489736070381309e+00 9.178198527428719172e-12 1.000006059126715918e+00
3.431085043988269856e+00 9.186350393184927755e-12 1.000006061816915537e+00
3.448680351906158403e+00 9.194579344280154121e-12 1.000006064531343775e+00
3.466275659824046951e+00 9.202874485029827159e-12 1.000006067266376641e+00
3.483870967741935498e+00 9.211223647964030722e-12 1.000006070017977144e+00
3.501466275659824046e+00 9.219614305483333620e-12 1.000006072781996602e+00
3.519061583577713037e+00 9.228034563176157969e-12 1.000006075554502605e+00
3.536656891495601140e+00 9.236474095284804407e-12 1.000006078332086323e+00
3.554252199413489688e+00 9.244924933407021647e-12 1.000006081112119638e+00
3.571847507331378235e+00 9.253382138401500771e-12 1.000006083892975850e+00
3.589442815249266783e+00 9.261844171742974349e-12 1.000006086674147809e+00
3.607038123167155774e+00 9.270313061268588236e-12 1.000006089456301650e+00
3.624633431085043878e+00 9.278794237930435942e-12 1.000006092241218614e+00
3.642228739002932869e+00 9.287296174005833949e-12 1.000006095031675146e+00
3.659824046920820972e+00 9.295829719826208448e-12 1.000006097831222407e+00
3.677419354838709520e+00 9.304407294303438948e-12 1.000006100643919149e+00
3.695014662756598511e+00 9.313041958872227353e-12 1.000006103474027297e+00
3.712609970674486615e+00 9.321746401431956148e-12 1.000006106325678656e+00
3.730205278592375606e+00 9.330531968085601456e-12 1.000006109202556948e+00
3.747800586510263710e+00 9.339407817661644620e-12 1.000006112107623801e+00
3.765395894428152701e+00 9.348380193348987148e-12 1.000006115042880950e+00
3.782991202346041248e+00 9.357451958230438807e-12 1.000006118009221234e+00
3.800586510263929352e+00 9.366622383443817774e-12 1.000006121006360660e+00
3.818181818181817899e+00 9.375887175586001658e-12 1.000006124032852162e+00
3.835777126099706891e+00 9.385238832584252461e-12 1.000006127086203511e+00
3.853372434017595438e+00 9.394667214290821793e-12 1.000006130163066498e+00
3.870967741935483986e+00 9.404160335697524150e-12 1.000006133259496943e+00
3.888563049853372089e+00 9.413705286274363889e-12 1.000006136371257570e+00
3.906158357771261525e+00 9.423289241167394801e-12 1.000006139494147073e+00
3.923753665689149628e+00 9.432900463691935141e-12 1.000006142624327410e+00
3.941348973607038175e+00 9.442529240910832523e-12 1.000006145758626230e+00
3.958944281524926723e+00 9.452168621479063026e-12 1.000006148894776015e+00
3.976539589442814826e+00 9.461815009291368943e-12 1.000006152031605478e+00
3.994134897360704262e+00 9.471468474067088255e-12 1.000006155169135713e+00
4.011730205278592365e+00 9.481132719435553969e-12 1.000006158308568871e+00
4.029325513196480912e+00 9.490814884572035915e-12 1.000006161452219100e+00
4.046920821114369460e+00 9.500524970419646934e-12 1.000006164603324477e+00
4.064516129032258007e+00 9.510275125507382567e-12 1.000006167765813414e+00
4.082111436950146555e+00 9.520078703584037904e-12 1.000006170943996464e+00
4.099706744868035102e+00 9.529949278550043291e-12 1.000006174142245907e+00
4.117302052785923649e+00 9.539899570860613256e-12 1.000006177364649140e+00
4.134897360703812197e+00 9.549940515952100448e-12 1.000006180614707363e+00
4.152492668621700744e+00 9.560080403743720924e-12 1.000006183895058021e+00
4.170087976539589292e+00 9.570324262973439726e-12 1.000006187207278519e+00
4.187683284457477839e+00 9.580673444061339371e-12 1.000006190551753660e+00
4.205278592375366387e+00 9.591125564628903605e-12 1.000006193927662101e+00
4.222873900293254934e+00 9.601674620098758642e-12 1.000006197333014990e+00
4.240469208211143481e+00 9.612311529425883521e-12 1.000006200764834485e+00
4.258064516129032029e+00 9.623024781346053985e-12 1.000006204219365813e+00
4.275659824046920576e+00 9.633801346128379909e-12 1.000006207692373028e+00
4.293255131964809124e+00 9.644627689400355116e-12 1.000006211179467419e+00
4.310850439882698559e+00 9.655490834012960923e-12 1.000006214676448346e+00
4.328445747800586219e+00 9.666379357280297161e-12 1.000006218179625650e+00
4.346041055718474766e+00 9.677284338315448843e-12 1.000006221686121188e+00
4.363636363636363313e+00 9.688200020815690585e-12 1.000006225194079335e+00
4.381231671554251861e+00 9.699124325131866289e-12 1.000006228702830624e+00
4.398826979472141296e+00 9.710059022997601491e-12 1.000006232212941937e+00
4.416422287390028956e+00 9.721009625772688657e-12 1.000006235726178527e+00
4.434017595307917503e+00 9.731985001985072271e-12 1.000006239245378126e+00
4.451612903225806051e+00 9.742996717337963829e-12 1.000006242774235998e+00
4.469208211143695486e+00 9.754058158897734950e-12 1.000006246317022507e+00
4.486803519061584034e+00 9.765183527372019381e-12 1.000006249878257591e+00
4.504398826979471693e+00 9.776386775441798320e-12 1.000006253462372818e+00
4.521994134897360240e+00 9.787680519083340710e-12 1.000006257073360993e+00
4.539589442815248788e+00 9.799075099935094073e-12 1.000006260714479733e+00
4.557184750733138223e+00 9.810577778263235104e-12 1.000006264387994337e+00
4.574780058651026771e+00 9.822192176451804785e-12 1.000006268095003481e+00
4.592375366568914430e+00 9.833918019485625323e-12 1.000006271835360172e+00
4.609970674486802977e+00 9.845751122127824511e-12 1.000006275607671080e+00
4.627565982404692413e+00 9.857683763033984474e-12 1.000006279409419108e+00
4.645161290322580960e+00 9.869705212388898921e-12 1.000006283237135696e+00
4.662756598240469508e+00 9.881802637887062030e-12 1.000006287086691259e+00
4.680351906158357167e+00 9.893962043288413577e-12 1.000006290953595611e+00
4.697947214076245714e+00 9.906169394851140003e-12 1.000006294833358345e+00
4.715542521994135150e+00 9.918411708499302316e-12 1.000006298721832776e+00
4.733137829912023697e+00 9.930678072021585499e-12 1.000006302615540132e+00
4.750733137829912245e+00 9.942960541998432920e-12 1.000006306511951104e+00
4.768328445747799904e+00 9.955254724207212325e-12 1.000006310409668364e+00
4.785923753665689340e+00 9.967560233569686585e-12 1.000006314308567568e+00
4.803519061583577887e+00 9.979880685507315517e-12 1.000006318209791134e+00
4.821114369501466435e+00 9.992223496636775726e-12 1.000006322115680302e+00
4.838709677419354982e+00 1.000459930719933092e-11 1.000006326029591053e+00
4.856304985337242641e+00 1.001702123946478617e-11 1.000006329955654527e+00
4.873900293255132077e+00 1.002950386517395729e-11 1.000006333898449284e+00
4.891495601173020624e+00 1.004206213810275471e-11 1.000006337862662908e+00
4.909090909090909172e+00 1.005471024498859918e-11 1.000006341852729408e+00
4.926686217008797719e+00 1.006746052449943850e-11 1.000006345872488822e+00
4.944281524926685378e+00 1.008032253492117544e-11 1.000006349924895455e+00
4.961876832844574814e+00 1.009330232667645917e-11 1.000006354011790943e+00
4.979472140762463361e+00 1.010640194016750939e-11 1.000006358133750828e+00
4.997067448680351909e+00 1.011961931190933413e-11 1.000006362290058126e+00
5.014662756598240456e+00 1.013294837951850623e-11 1.000006366478741304e+00
5.032258064516129004e+00 1.014637958527038110e-11 1.000006370696735702e+00
5.049853372434017551e+00 1.015990058753438120e-11 1.000006374940111575e+00
5.067448680351906098e+00 1.017349724605468760e-11 1.000006379204384510e+00
5.085043988269794646e+00 1.018715470058440770e-11 1.000006383484857153e+00
5.102639296187683193e+00 1.020085855653978583e-11 1.000006387776989580e+00
5.120234604105571741e+00 1.021459598913891644e-11 1.000006392076745909e+00
5.137829912023460288e+00 1.022835680550671221e-11 1.000006396380923812e+00
5.155425219941348836e+00 1.024213421834146437e-11 1.000006400687392771e+00
5.173020527859237383e+00 1.025592542793948454e-11 1.000006404995274600e+00
5.190615835777126819e+00 1.026973188790552487e-11 1.000006409305020050e+00
5.208211143695014478e+00 1.028355921563333573e-11 1.000006413618376833e+00
5.225806451612903025e+00 1.029741680777183455e-11 1.000006417938265946e+00
5.243401759530791573e+00 1.031131714922302911e-11 1.000006422268562289e+00
5.260997067448680120e+00 1.032527487571832404e-11 1.000006426613799793e+00
5.278592375366569556e+00 1.033930570593127257e-11 1.000006430978836125e+00
5.296187683284457215e+00 1.035342519871538840e-11 1.000006435368467006e+00
5.313782991202345762e+00 1.036764763604808962e-11 1.000006439787077817e+00
5.331378299120234310e+00 1.038198488864374658e-11 1.000006444238292547e+00
5.348973607038122857e+00 1.039644552917856752e-11 1.000006448724702901e+00
5.366568914956012293e+00 1.041103417282226236e-11 1.000006453247665350e+00
5.384164222873899952e+00 1.042575113412509172e-11 1.000006457807201210e+00
5.401759530791788499e+00 1.044059237381861665e-11 1.000006462401982210e+00
5.419354838709677047e+00 1.045554985217992639e-11 1.000006467029447510e+00
5.436950146627566482e+00 1.047061211896356947e-11 1.000006471685987774e+00
5.454545454545455030e+00 1.048576520159010661e-11 1.000006476367226060e+00
5.472140762463342689e+00 1.050099371607329160e-11 1.000006481068360653e+00
5.489736070381231237e+00 1.051628204927239819e-11 1.000006485784534105e+00
5.507331378299119784e+00 1.053161559006386791e-11 1.000006490511211377e+00
5.524926686217009220e+00 1.054698189215607510e-11 1.000006495244536664e+00
5.542521994134897767e+00 1.056237165733968273e-11 1.000006499981634711e+00
5.560117302052785426e+00 1.057777952003275368e-11 1.000006504720847289e+00
5.577712609970673974e+00 1.059320445636453350e-11 1.000006509461855542e+00
5.595307917888563409e+00 1.060864996163976449e-11 1.000006514205728614e+00
5.612903225806451957e+00 1.062412379148136643e-11 1.000006518954839496e+00
5.630498533724340504e+00 1.063963743095417188e-11 1.000006523712697826e+00
5.648093841642228163e+00 1.065520522424909516e-11 1.000006528483678991e+00
5.665689149560116711e+00 1.067084333654489852e-11 1.000006533272702614e+00
5.683284457478006146e+00 1.068656850695005604e-11 1.000006538084849961e+00
5.700879765395894694e+00 1.070239680667208233e-11 1.000006542924982478e+00
5.718475073313783241e+00 1.071834240884507371e-11 1.000006547797367196e+00
5.736070381231670900e+00 1.073441651725121499e-11 1.000006552705351881e+00
5.753665689149560336e+00 1.075062649829850059e-11 1.000006557651103023e+00
5.771260997067448884e+00 1.076697532876980774e-11 1.000006562635442853e+00
5.788856304985337431e+00 1.078346137188651576e-11 1.000006567657784728e+00
5.806451612903225978e+00 1.080007848203609532e-11 1.000006572716171549e+00
5.824046920821113638e+00 1.081681650668984456e-11 1.000006577807433406e+00
5.841642228739003073e+00 1.083366205058657332e-11 1.000006582927424281e+00
5.859237536656891621e+00 1.085059953010833421e-11 1.000006588071345792e+00
5.876832844574780168e+00 1.086761238046067415e-11 1.000006593234118002e+00
5.894428152492668715e+00 1.088468436963933904e-11 1.000006598410775771e+00
5.912023460410557263e+00 1.090180085234593747e-11 1.000006603596851340e+00
5.929618768328445810e+00 1.091894996220495867e-11 1.000006608788731155e+00
5.947214076246334358e+00 1.093612356669900072e-11 1.000006613983942749e+00
5.964809384164222905e+00 1.095331792834555141e-11 1.000006619181348366e+00
5.982404692082111453e+00 1.097053405073311146e-11 1.000006624381246212e+00
6.000000000000000000e+00 1.098777766411885559e-11 1.000006629585359130e+00
6.017595307917888547e+00 1.100505882397538423e-11 1.000006634796708482e+00
6.035190615835777095e+00 1.102239119085015148e-11 1.000006640019391435e+00
6.052785923753665642e+00 1.103979101528834177e-11 1.000006645258272542e+00
6.070381231671554190e+00 1.105727593075363447e-11 1.000006650518616480e+00
6.087976539589442737e+00 1.107486362903236412e-11 1.000006655805688593e+00
6.105571847507331285e+00 1.109257050743323052e-11 1.000006661124348328e+00
6.123167155425219832e+00 1.111041045850091129e-11 1.000006666478688633e+00
6.140762463343108379e+00 1.112839377544647292e-11 1.000006671871708219e+00
6.158357771260997815e+00 1.114652638478593650e-11 1.000006677305089076e+00
6.175953079178885474e+00 1.116480938972191013e-11 1.000006682779063016e+00
6.193548387096774022e+00 1.118323898190917806e-11 1.000006688292391477e+00
6.211143695014662569e+00 1.120180675420422629e-11 1.000006693842465433e+00
6.228739002932551116e+00 1.122050030996101947e-11 1.000006699425492140e+00
6.246334310850440552e+00 1.123930428497660399e-11 1.000006705036806887e+00
6.263929618768328211e+00 1.125820148476945850e-11 1.000006710671213828e+00
6.281524926686216759e+00 1.127717426335550401e-11 1.000006716323400546e+00
6.299120234604105306e+00 1.129620591086071629e-11 1.000006721988349945e+00
6.316715542521994742e+00 1.131528196407992239e-11 1.000006727661730377e+00
6.334310850439883289e+00 1.133439137938042755e-11 1.000006733340240261e+00
6.351906158357770948e+00 1.135352744756530265e-11 1.000006739021875424e+00
6.369501466275659496e+00 1.137268833138588312e-11 1.000006744706082973e+00
6.387096774193548043e+00 1.139187731322667311e-11 1.000006750393829469e+00
6.404692082111437479e+00 1.141110255939849152e-11 1.000006756087522763e+00
6.422287390029326026e+00 1.143037659348352169e-11 1.000006761790852572e+00
6.439882697947213686e+00 1.144971533592347690e-11 1.000006767508499372e+00
6.457478005865102233e+00 1.146913696875289655e-11 1.000006773245795566e+00
6.475073313782990780e+00 1.148866055894826009e-11 1.000006779008317137e+00
6.492668621700880216e+00 1.150830460944638116e-11 1.000006784801453552e+00
6.510263929618768763e+00 1.152808569908691816e-11 1.000006790630009856e+00
6.527859237536656423e+00 1.154801717121460653e-11 1.000006796497820982e+00
6.545454545454544970e+00 1.156810817338066736e-11 1.000006802407475304e+00
6.563049853372434406e+00 1.158836291151416891e-11 1.000006808360099031e+00
6.580645161290322953e+00 1.160878036506776324e-11 1.000006814355280271e+00
6.598240469208211501e+00 1.162935434589718094e-11 1.000006820391092344e+00
6.615835777126099160e+00 1.165007396062776243e-11 1.000006826464235443e+00
6.633431085043987707e+00 1.167092451761021065e-11 1.000006832570309978e+00
6.651026392961877143e+00 1.169188858730669396e-11 1.000006838704130097e+00
6.668621700879765690e+00 1.171294741717467937e-11 1.000006844860142019e+00
6.686217008797654238e+00 1.173408238739520109e-11 1.000006851032850141e+00
6.703812316715541897e+00 1.175527648746535935e-11 1.000006857217247802e+00
6.721407624633431332e+00 1.177651567687283335e-11 1.000006863409212299e+00
6.739002932551319880e+00 1.179779001052144291e-11 1.000006869605827520e+00
6.756598240469208427e+00 1.181909448015942359e-11 1.000006875805624418e+00
6.774193548387096975e+00 1.184042946471144632e-11 1.000006882008704023e+00
6.791788856304984634e+00 1.186180076733794215e-11 1.000006888216742773e+00
6.809384164222874070e+00 1.188321924304319042e-11 1.000006894432876159e+00
6.826979472140762617e+00 1.190470002099723784e-11 1.000006900661467135e+00
6.844574780058651164e+00 1.192626140125888621e-11 1.000006906907781490e+00
6.862170087976539712e+00 1.194792349603591286e-11 1.000006913177589052e+00
6.879765395894428259e+00 1.196970672784153951e-11 1.000006919476729372e+00
6.897360703812316807e+00 1.199163028500605049e-11 1.000006925810663416e+00
6.914956011730205354e+00 1.201371068850241295e-11 1.000006932184062780e+00
6.932551319648093902e+00 1.203596050681685422e-11 1.000006938600441098e+00
6.950146627565982449e+00 1.205838743640165279e-11 1.000006945061895580e+00
6.967741935483870996e+00 1.208099367871284168e-11 1.000006951568933822e+00
6.985337243401759544e+00 1.210377579927345345e-11 1.000006958120441380e+00
7.002932551319648091e+00 1.212672497927178353e-11 1.000006964713759716e+00
7.020527859237536639e+00 1.214982768605007438e-11 1.000006971344888029e+00
7.038123167155426074e+00 1.217306676220854899e-11 1.000006978008801006e+00
7.055718475073313734e+00 1.219642272416919987e-11 1.000006984699825185e+00
7.073313782991202281e+00 1.221987529557463213e-11 1.000006991412083268e+00
7.090909090909090828e+00 1.224340503248386791e-11 1.000006998139956638e+00
7.108504398826979376e+00 1.226699482761708917e-11 1.000007004878516348e+00
7.126099706744868811e+00 1.229063133365090735e-11 1.000007011623923470e+00
7.143695014662756471e+00 1.231430600301850481e-11 1.000007018373723078e+00
7.161290322580645018e+00 1.233801589339720163e-11 1.000007025127064963e+00
7.178885630498533565e+00 1.236176388344072166e-11 1.000007031884757369e+00
7.196480938416422113e+00 1.238555862735726239e-11 1.000007038649247004e+00
7.214076246334311548e+00 1.240941389266215991e-11 1.000007045424422092e+00
7.231671554252199208e+00 1.243334759707687413e-11 1.000007052215334369e+00
7.249266862170087755e+00 1.245738049754262236e-11 1.000007059027818279e+00
7.266862170087976303e+00 1.248153464685296136e-11 1.000007065868054212e+00
7.284457478005865738e+00 1.250583173272664970e-11 1.000007072742094438e+00
7.302052785923754286e+00 1.253029145636519313e-11 1.000007079655405917e+00
7.319648093841641945e+00 1.255493004131283827e-11 1.000007086612452634e+00
7.337243401759530492e+00 1.257975898949078011e-11 1.000007093616348763e+00
7.354838709677419040e+00 1.260478421413219289e-11 1.000007100668621085e+00
7.372434017595308475e+00 1.263000558415874578e-11 1.000007107769089076e+00
7.390029325513197023e+00 1.265541696225676051e-11 1.000007114915882678e+00
7.407624633431084682e+00 1.268100662351503993e-11 1.000007122105570412e+00
7.425219941348973229e+00 1.270675820188460828e-11 1.000007129333430944e+00
7.442815249266862665e+00 1.273265197666108954e-11 1.000007136593821677e+00
7.460410557184751212e+00 1.275866637808342209e-11 1.000007143880604854e+00
7.478005865102639760e+00 1.278477969707060267e-11 1.000007151187628063e+00
7.495601173020527419e+00 1.281097181677034952e-11 1.000007158509209182e+00
7.513196480938415966e+00 1.283722579426305556e-11 1.000007165840574253e+00
7.530791788856305402e+00 1.286352928986721503e-11 1.000007173178252939e+00
7.548387096774193061e+00 1.288987552085616465e-11 1.000007180520336991e+00
7.565982404692082497e+00 1.291626396143761131e-11 1.000007187866665870e+00
7.583577712609971044e+00 1.294270038724246531e-11 1.000007195218832745e+00
7.601173020527858704e+00 1.296919659832581529e-11 1.000007202580096122e+00
7.618768328445748139e+00 1.299576953477597449e-11 1.000007209955127152e+00
7.636363636363635798e+00 1.302244010369319710e-11 1.000007217349677457e+00
7.653958944281525234e+00 1.304923159548796264e-11 1.000007224770134373e+00
7.671554252199413781e+00 1.307616798229264930e-11 1.000007232223047549e+00
7.689149560117301441e+00 1.310327211822462477e-11 1.000007239714630458e+00
7.706744868035190876e+00 1.313056400087764189e-11 1.000007247250281672e+00
7.724340175953080312e+00 1.315805927262991889e-11 1.000007254834176518e+00
7.741935483870967971e+00 1.318576803119138462e-11 1.000007262468944669e+00
7.759530791788856519e+00 1.321369405749288182e-11 1.000007270155465422e+00
7.777126099706744178e+00 1.324183451520357815e-11 1.000007277892795976e+00
7.794721407624633613e+00 1.327018020916106771e-11 1.000007285678250257e+00
7.812316715542523049e+00 1.329871624071102421e-11 1.000007293507588324e+00
7.829912023460410708e+00 1.332742321935572059e-11 1.000007301375357427e+00
7.847507331378299256e+00 1.335627873383213151e-11 1.000007309275301681e+00
7.865102639296186915e+00 1.338525913268923283e-11 1.000007317200851453e+00
7.882697947214076351e+00 1.341434137649732773e-11 1.000007325145633619e+00
7.900293255131965786e+00 1.344350488229902941e-11 1.000007333103971829e+00
7.917888563049853445e+00 1.347273318779093444e-11 1.000007341071336597e+00
7.935483870967741993e+00 1.350201528926589728e-11 1.000007349044704341e+00
7.953079178885629652e+00 1.353134660845886946e-11 1.000007357022810517e+00
7.970674486803519088e+00 1.356072943873824676e-11 1.000007365006263083e+00
7.988269794721408523e+00 1.359017285706658264e-11 1.000007372997506305e+00
8.005865102639296182e+00 1.361969215865336310e-11 1.000007381000660001e+00
8.023460410557184730e+00 1.364930775594890085e-11 1.000007389021210003e+00
8.041055718475073277e+00 1.367904370574172110e-11 1.000007397065604930e+00
8.058651026392961825e+00 1.370892593489561004e-11 1.000007405140768801e+00
8.076246334310850372e+00 1.373898028884251964e-11 1.000007413253574562e+00
8.093841642228738920e+00 1.376923062640192800e-11 1.000007421410327835e+00
8.111436950146627467e+00 1.379969700069758764e-11 1.000007429616282861e+00
8.129032258064516014e+00 1.383039414097172304e-11 1.000007437875237049e+00
8.146627565982404562e+00 1.386133035026817945e-11 1.000007446189244087e+00
8.164222873900293109e+00 1.389250685666941141e-11 1.000007454558449416e+00
8.181818181818181657e+00 1.392391771617872240e-11 1.000007462981074680e+00
8.199413489736070204e+00 1.395555029792098454e-11 1.000007471453557839e+00
8.217008797653960528e+00 1.398738622512562410e-11 1.000007479970815627e+00
8.234604105571847299e+00 1.401940285887773516e-11 1.000007488526649224e+00
8.252199413489735846e+00 1.405157499305986634e-11 1.000007497114201893e+00
8.269794721407624394e+00 1.408387692430215300e-11 1.000007505726516310e+00
8.287390029325512941e+00 1.411628440850385878e-11 1.000007514357053928e+00
8.304985337243401489e+00 1.414877665927650009e-11 1.000007523000226106e+00
8.322580645161290036e+00 1.418133801487413387e-11 1.000007531651830428e+00
8.340175953079178583e+00 1.421395928369921994e-11 1.000007540309399978e+00
8.357771260997067131e+00 1.424663851252567038e-11 1.000007548972396298e+00
8.375366568914955678e+00 1.427938130379292000e-11 1.000007557642283773e+00
8.392961876832846002e+00 1.431220047853377517e-11 1.000007566322427488e+00
8.410557184750732773e+00 1.434511524057165185e-11 1.000007575017862749e+00
8.428152492668621321e+00 1.437814974524991487e-11 1.000007583734907168e+00
8.445747800586509868e+00 1.441133142000098462e-11 1.000007592480711249e+00
8.463343108504398415e+00 1.444468885963194436e-11 1.000007601262699941e+00
8.480938416422286963e+00 1.447824974161741860e-11 1.000007610088021304e+00
8.498533724340175510e+00 1.451203874163201082e-11 1.000007618963002498e+00
8.516129032258064058e+00 1.454607565060604275e-11 1.000007627892659734e+00
8.533724340175954381e+00 1.458037392306995321e-11 1.000007636880324347e+00
8.551319648093841153e+00 1.461493958612969018e-11 1.000007645927368571e+00
8.568914956011731476e+00 1.464977085994259239e-11 1.000007655033116727e+00
8.586510263929618247e+00 1.468485821550153701e-11 1.000007664194872969e+00
8.604105571847506795e+00 1.472018518399923044e-11 1.000007673408144449e+00
8.621700879765397119e+00 1.475572958966639404e-11 1.000007682666972819e+00
8.639296187683283890e+00 1.479146528746893820e-11 1.000007691964394763e+00
8.656891495601172437e+00 1.482736422702499464e-11 1.000007701292986884e+00
8.674486803519060985e+00 1.486339865317737510e-11 1.000007710645435921e+00
8.692082111436949532e+00 1.489954332625581410e-11 1.000007720015116952e+00
8.709677419354839856e+00 1.493577756444133212e-11 1.000007729396615197e+00
8.727272727272726627e+00 1.497208694020515618e-11 1.000007738786159672e+00
8.744868035190616951e+00 1.500846452827248143e-11 1.000007748181933165e+00
8.762463343108503722e+00 1.504491157264435083e-11 1.000007757584233437e+00
8.780058651026392269e+00 1.508143751728885733e-11 1.000007766995469449e+00
8.797653958944282593e+00 1.511805945420206579e-11 1.000007776420003713e+00
8.815249266862169364e+00 1.515480088491135616e-11 1.000007785863825882e+00
8.832844574780057911e+00 1.519169008755705276e-11 1.000007795334120431e+00
8.850439882697948235e+00 1.522875801553786633e-11 1.000007804838723091e+00
8.868035190615835006e+00 1.526603601735742747e-11 1.000007814385532434e+00
8.885630498533725330e+00 1.530355349397986448e-11 1.000007823981909238e+00
8.903225806451612101e+00 1.534133569740537441e-11 1.000007833634118715e+00
8.920821114369502425e+00 1.537940182357397528e-11 1.000007843346849334e+00
8.938416422287390972e+00 1.541776354151515282e-11 1.000007853122848678e+00
8.956011730205277743e+00 1.545642414342687354e-11 1.000007862962718264e+00
8.973607038123168067e+00 1.549537825552791955e-11 1.000007872864853153e+00
8.991202346041054838e+00 1.553461227664877239e-11 1.000007882825567851e+00
9.008797653958943386e+00 1.557410543588826721e-11 1.000007892839377632e+00
9.026392961876833709e+00 1.561383137465152826e-11 1.000007902899409551e+00
9.043988269794720480e+00 1.565376025560976108e-11 1.000007912997946224e+00
9.061583577712610804e+00 1.569386107072671685e-11 1.000007923127012699e+00
9.079178885630497575e+00 1.573410411242792434e-11 1.000007933279003280e+00
9.096774193548387899e+00 1.577446338737349403e-11 1.000007943447284831e+00
9.114369501466276446e+00 1.581491869287469274e-11 1.000007953626714796e+00
9.131964809384163217e+00 1.585545733588308087e-11 1.000007963814062650e+00
9.149560117302053541e+00 1.589607525856949011e-11 1.000007974008280343e+00
9.167155425219940312e+00 1.593677749134153505e-11 1.000007984210601997e+00
9.184750733137828860e+00 1.597757800456656075e-11 1.000007994424491287e+00
9.202346041055719184e+00 1.601849866012989378e-11 1.000008004655366101e+00
9.219941348973605955e+00 1.605956779767460783e-11 1.000008014910233722e+00
9.237536656891496278e+00 1.610081813796734310e-11 1.000008025197156591e+00
9.255131964809384826e+00 1.614228439179946941e-11 1.000008035524650785e+00
9.272727272727273373e+00 1.618400067915703746e-11 1.000008045901042086e+00
9.290322580645161921e+00 1.622599799664055315e-11 1.000008056333835826e+00
9.307917888563048692e+00 1.626830186349879224e-11 1.000008066829140896e+00
9.325513196480939015e+00 1.631093044282208097e-11 1.000008077391210559e+00
9.343108504398827563e+00 1.635389311602892060e-11 1.000008088022103392e+00
9.360703812316714334e+00 1.639718978225464559e-11 1.000008098721523409e+00
9.378299120234604658e+00 1.644081089568492813e-11 1.000008109486845154e+00
9.395894428152491429e+00 1.648473816420488270e-11 1.000008120313300886e+00
9.413489736070381753e+00 1.652894601763711501e-11 1.000008131194356942e+00
9.431085043988270300e+00 1.657340353328640786e-11 1.000008142122199128e+00
9.448680351906158847e+00 1.661807692504381195e-11 1.000008153088350893e+00
9.466275659824047395e+00 1.666293218599459794e-11 1.000008164084326800e+00
9.483870967741934166e+00 1.670793778972031142e-11 1.000008175102293784e+00
9.501466275659824490e+00 1.675306726212773950e-11 1.000008186135695309e+00
9.519061583577713037e+00 1.679830136679646738e-11 1.000008197179774960e+00
9.536656891495599808e+00 1.684362974254794284e-11 1.000008208231965456e+00
9.554252199413490132e+00 1.688905186551093186e-11 1.000008219292106260e+00
9.571847507331378679e+00 1.693457732961363379e-11 1.000008230362496864e+00
9.589442815249267227e+00 1.698022525743233889e-11 1.000008241447736701e+00
9.607038123167155774e+00 1.702602299772337267e-11 1.000008252554393851e+00
9.624633431085044322e+00 1.707200424242519450e-11 1.000008263690536303e+00
9.642228739002932869e+00 1.711820653871403663e-11 1.000008274865120228e+00
9.659824046920821417e+00 1.716466854136451610e-11 1.000008286087320286e+00
9.677419354838709964e+00 1.721142715575154136e-11 1.000008297365838628e+00
9.695014662756598511e+00 1.725851477104662281e-11 1.000008308708243199e+00
9.712609970674485282e+00 1.730595683265651712e-11 1.000008320120388650e+00
9.730205278592375606e+00 1.735376990076304041e-11 1.000008331605964251e+00
9.747800586510264154e+00 1.740196041776730008e-11 1.000008343166210789e+00
9.765395894428152701e+00 1.745052423953687517e-11 1.000008354799826638e+00
9.782991202346041248e+00 1.749944686853660046e-11 1.000008366503039703e+00
9.800586510263929796e+00 1.754870468306542417e-11 1.000008378269919396e+00
9.818181818181818343e+00 1.759826672017565287e-11 1.000008390092817390e+00
9.835777126099706891e+00 1.764809707498471273e-11 1.000008401962950044e+00
9.853372434017595438e+00 1.769815778176610933e-11 1.000008413871092960e+00
9.870967741935483986e+00 1.774841177076508256e-11 1.000008425808285306e+00
9.888563049853370757e+00 1.779882589941986211e-11 1.000008437766548575e+00
9.906158357771261080e+00 1.784937360349493701e-11 1.000008449739505201e+00
9.923753665689149628e+00 1.790003717297182475e-11 1.000008461722906805e+00
9.941348973607038175e+00 1.795080927650277665e-11 1.000008473714979251e+00
9.958944281524926723e+00 1.800169377405475103e-11 1.000008485716594731e+00
9.976539589442815270e+00 1.805270562497855028e-11 1.000008497731234458e+00
9.994134897360703818e+00 1.810386994701290263e-11 1.000008509764745757e+00
1.001173020527859236e+01 1.815522030766159769e-11 1.000008521824927499e+00
1.002932551319648091e+01 1.820679633864108943e-11 1.000008533920954568e+00
1.004692082111436946e+01 1.825864081095824066e-11 1.000008546062684189e+00
1.006451612903225801e+01 1.831079654960437373e-11 1.000008558259930291e+00
1.008211143695014655e+01 1.836330319722077225e-11 1.000008570521706552e+00
1.009970674486803510e+01 1.841619429079693367e-11 1.000008582855551609e+00
1.011730205278592365e+01 1.846949468525787502e-11 1.000008595266938416e+00
1.013489736070381220e+01 1.852321874346886582e-11 1.000008607758869017e+00
1.015249266862170074e+01 1.857736922267998900e-11 1.000008620331633180e+00
1.017008797653958929e+01 1.863193701602135893e-11 1.000008632982767320e+00
1.018768328445747784e+01 1.868690192739128522e-11 1.000008645707256116e+00
1.020527859237536639e+01 1.874223420383458173e-11 1.000008658497902880e+00
1.022287390029325493e+01 1.879789684294769872e-11 1.000008671345880895e+00
1.024046920821114348e+01 1.885384852074333749e-11 1.000008684241418200e+00
1.025806451612903203e+01 1.891004681719836161e-11 1.000008697174548322e+00
1.027565982404692058e+01 1.896645166182191867e-11 1.000008710135902978e+00
1.029325513196480912e+01 1.902302849140182863e-11 1.000008723117431719e+00
1.031085043988269767e+01 1.907975118589737395e-11 1.000008736113064511e+00
1.032844574780058622e+01 1.913660425134816616e-11 1.000008749119196683e+00
1.034604105571847477e+01 1.919358426621180935e-11 1.000008762135000895e+00
1.036363636363636331e+01 1.925070042202724313e-11 1.000008775162528618e+00
1.038123167155425364e+01 1.930797401575947336e-11 1.000008788206574462e+00
1.039882697947214041e+01 1.936543715806050459e-11 1.000008801274361980e+00
1.041642228739002896e+01 1.942313044243663379e-11 1.000008814374996780e+00
1.043401759530791750e+01 1.948110011545343861e-11 1.000008827518809928e+00
1.045161290322580605e+01 1.953939464598536520e-11 1.000008840716574809e+00
1.046920821114369637e+01 1.959806118293125174e-11 1.000008853978699763e+00
1.048680351906158315e+01 1.965714204291109725e-11 1.000008867314441163e+00
1.050439882697947169e+01 1.971667157151506822e-11 1.000008880731201977e+00
1.052199413489736024e+01 1.977667346717113775e-11 1.000008894233944678e+00
1.053958944281524879e+01 1.983715911108812442e-11 1.000008907824833759e+00
1.055718475073313911e+01 1.989812661011603580e-11 1.000008921503041881e+00
1.057478005865102588e+01 1.995956101233447785e-11 1.000008935264821375e+00
1.059237536656891443e+01 2.002143539389174346e-11 1.000008949103769140e+00
1.060997067448680298e+01 2.008371300819452408e-11 1.000008963011328467e+00
1.062756598240469152e+01 2.014635011992013053e-11 1.000008976977436514e+00
1.064516129032258185e+01 2.020929946257492409e-11 1.000008990991305691e+00
1.066275659824046862e+01 2.027251396771054142e-11 1.000009005042259203e+00
1.068035190615835717e+01 2.033595057334075680e-11 1.000009019120575049e+00
1.069794721407624571e+01 2.039957370981495821e-11 1.000009033218248966e+00
1.071554252199413426e+01 2.046335830008492130e-11 1.000009047329647682e+00
1.073313782991202459e+01 2.052729193713568528e-11 1.000009061451968551e+00
1.075073313782991136e+01 2.059137616019222673e-11 1.000009075585499341e+00
1.076832844574779990e+01 2.065562661624604873e-11 1.000009089733631118e+00
1.078592375366569023e+01 2.072007217717128552e-11 1.000009103902638197e+00
1.080351906158357700e+01 2.078475298300667491e-11 1.000009118101228056e+00
1.082111436950146732e+01 2.084971765438222638e-11 1.000009132339910733e+00
1.083870967741935409e+01 2.091501978966514541e-11 1.000009146630219226e+00
1.085630498533724264e+01 2.098071403226875519e-11 1.000009160983841738e+00
1.087390029325513296e+01 2.104685205439643719e-11 1.000009175411744167e+00
1.089149560117301974e+01 2.111347868685997775e-11 1.000009189923333430e+00
1.090909090909091006e+01 2.118062861511918380e-11 1.000009204525750706e+00
1.092668621700879683e+01 2.124832368669818227e-11 1.000009219223303658e+00
1.094428152492668538e+01 2.131657131902287799e-11 1.000009234017144477e+00
1.096187683284457570e+01 2.138536392472072790e-11 1.000009248905171289e+00
1.097947214076246247e+01 2.145467950000194288e-11 1.000009263882178479e+00
1.099706744868035280e+01 2.152448328421089953e-11 1.000009278940243274e+00
1.101466275659823957e+01 2.159473053602504076e-11 1.000009294069343246e+00
1.103225806451612812e+01 2.166536996203859173e-11 1.000009309258112600e+00
1.104985337243401844e+01 2.173634783019248566e-11 1.000009324494733898e+00
1.106744868035190521e+01 2.180761219847042498e-11 1.000009339767850669e+00
1.108504398826979553e+01 2.187911715096867267e-11 1.000009355067467798e+00
1.110263929618768408e+01 2.195082657457577804e-11 1.000009370385747109e+00
1.112023460410557085e+01 2.202271724565641495e-11 1.000009385717648636e+00
1.113782991202346118e+01 2.209478090623029065e-11 1.000009401061348724e+00
1.115542521994134795e+01 2.216702530408101634e-11 1.000009416418435659e+00
1.117302052785923827e+01 2.223947393195081302e-11 1.000009431793825287e+00
1.119061583577712682e+01 2.231216456669516313e-11 1.000009447195426171e+00
1.120821114369501359e+01 2.238514672128152782e-11 1.000009462633574930e+00
1.122580645161290391e+01 2.245847812741458743e-11 1.000009478120275963e+00
1.124340175953079068e+01 2.253222057514385695e-11 1.000009493668308602e+00
1.126099706744868101e+01 2.260643539544127569e-11 1.000009509290271659e+00
1.127859237536656956e+01 2.268117891116041924e-11 1.000009524997627297e+00
1.129618768328445633e+01 2.275649825765168605e-11 1.000009540799835062e+00
1.131378299120234665e+01 2.283242784533726796e-11 1.000009556703626012e+00
1.133137829912023342e+01 2.290898673030613163e-11 1.000009572712474926e+00
1.134897360703812375e+01 2.298617726018865637e-11 1.000009588826345608e+00
1.136656891495601229e+01 2.306398478430428542e-11 1.000009605041658478e+00
1.138416422287389906e+01 2.314237887408078377e-11 1.000009621351575673e+00
1.140175953079178939e+01 2.322131562664396427e-11 1.000009637746505975e+00
1.141935483870967616e+01 2.330074112609094477e-11 1.000009654214846888e+00
1.143695014662756648e+01 2.338059559744383322e-11 1.000009670743861045e+00
1.145454545454545503e+01 2.346081825215160137e-11 1.000009687320687402e+00
1.147214076246334180e+01 2.354135210261647775e-11 1.000009703933335770e+00
1.148973607038123212e+01 2.362214859618494716e-11 1.000009720571632954e+00
1.150733137829912067e+01 2.370317170832629830e-11 1.000009737228047424e+00
1.152492668621700922e+01 2.378440104869130022e-11 1.000009753898305709e+00
1.154252199413489777e+01 2.386583385294001447e-11 1.000009770581770985e+00
1.156011730205278454e+01 2.394748559779885428e-11 1.000009787281538776e+00
1.157771260997067486e+01 2.402938926651032594e-11 1.000009804004253544e+00
1.159530791788856341e+01 2.411159319444529809e-11 1.000009820759642620e+00
1.161290322580645196e+01 2.419415773464953791e-11 1.000009837559808545e+00
1.163049853372434050e+01 2.427715103195443860e-11 1.000009854418353328e+00
1.164809384164222728e+01 2.436064401410633808e-11 1.000009871349347934e+00
1.166568914956011760e+01 2.444470522859388935e-11 1.000009888366285127e+00
1.168328445747800615e+01 2.452939577161178021e-11 1.000009905481058059e+00
1.170087976539589469e+01 2.461476471047888264e-11 1.000009922703050336e+00
1.171847507331378324e+01 2.470084540060191231e-11 1.000009940038416145e+00
1.173607038123167001e+01 2.478765302319072723e-11 1.000009957489612633e+00
1.175366568914956034e+01 2.487518334237594955e-11 1.000009975055182521e+00
1.177126099706744888e+01 2.496341311605137792e-11 1.000009992729871122e+00
1.178885630498533743e+01 2.505230182635431442e-11 1.000010010505004932e+00
1.180645161290322598e+01 2.514179486052411273e-11 1.000010028369157977e+00
1.182404692082111453e+01 2.523182774411155310e-11 1.000010046309020018e+00
1.184164222873900307e+01 2.532233126624730016e-11 1.000010064310432156e+00
1.185923753665689162e+01 2.541323693018131023e-11 1.000010082359477082e+00
1.187683284457478017e+01 2.550448253547772338e-11 1.000010100443583072e+00
1.189442815249266872e+01 2.559601726862205283e-11 1.000010118552517868e+00
1.191202346041055726e+01 2.568780601346971609e-11 1.000010136679220007e+00
1.192961876832844581e+01 2.577983254453656483e-11 1.000010154820399011e+00
1.194721407624633436e+01 2.587210116857718717e-11 1.000010172976824041e+00
1.196480938416422291e+01 2.596463701336187314e-11 1.000010191153344774e+00
1.198240469208211145e+01 2.605748449474994638e-11 1.000010209358555002e+00
1.200000000000000000e+01 2.615070448211494415e-11 1.000010227604204660e+00
1.201759530791788855e+01 2.624437000260190346e-11 1.000010245904332962e+00
1.203519061583577709e+01 2.633856104980459575e-11 1.000010264274235894e+00
1.205278592375366564e+01 2.643335877698795782e-11 1.000010282729323574e+00
1.207038123167155419e+01 2.652883952976872774e-11 1.000010301283960956e+00
1.208797653958944274e+01 2.662506919808770353e-11 1.000010319950381366e+00
1.210557184750733128e+01 2.672209832063167983e-11 1.000010338737755466e+00
1.212316715542521983e+01 2.681995821249992622e-11 1.000010357651472059e+00
1.214076246334310838e+01 2.691865867629243211e-11 1.000010376692730185e+00
1.215835777126099693e+01 2.701818722266490187e-11 1.000010395858425438e+00
1.217595307917888547e+01 2.711851004060038820e-11 1.000010415141378672e+00
1.219354838709677402e+01 2.721957458419242414e-11 1.000010434530868020e+00
1.221114369501466257e+01 2.732131367330547097e-11 1.000010454013447792e+00
1.222873900293255289e+01 2.742365073966946392e-11 1.000010473573977210e+00
1.224633431085043966e+01 2.752650590744353667e-11 1.000010493196795913e+00
1.226392961876832821e+01 2.762980236533455834e-11 1.000010512866941870e+00
1.228152492668621676e+01 2.773347262782256448e-11 1.000010532571335320e+00
1.229912023460410531e+01 2.783746414058260929e-11 1.000010552299823496e+00
1.231671554252199563e+01 2.794174383078832259e-11 1.000010572046014623e+00
1.233431085043988240e+01 2.804630121082177135e-11 1.000010591807829030e+00
1.235190615835777095e+01 2.815114973596402204e-11 1.000010611587716314e+00
1.236950146627565950e+01 2.825632645647992470e-11 1.000010631392544980e+00
1.238709677419354804e+01 2.836188969188871362e-11 1.000010651233127268e+00
1.240469208211143837e+01 2.846791515561194523e-11 1.000010671123453765e+00
1.242228739002932514e+01 2.857449065646577088e-11 1.000010691079673997e+00
1.243988269794721369e+01 2.868170978292992572e-11 1.000010711118895168e+00
1.245747800586510223e+01 2.878966511414034122e-11 1.000010731257906738e+00
1.247507331378299078e+01 2.889844141147847214e-11 1.000010751511914764e+00
1.249266862170088110e+01 2.900810933306930691e-11 1.000010771893390826e+00
1.251026392961876788e+01 2.911872011568693082e-11 1.000010792411107463e+00
1.252785923753665642e+01 2.923030178576213290e-11 1.000010813069472926e+00
1.254545454545454497e+01 2.934285699331041623e-11 1.000010833868171689e+00
1.256304985337243352e+01 2.945636278390775847e-11 1.000010854802168225e+00
1.258064516129032384e+01 2.957077243475261796e-11 1.000010875862088700e+00
1.259824046920821061e+01 2.968601897230373671e-11 1.000010897034911084e+00
1.261583577712609916e+01 2.980202049209930369e-11 1.000010918304974794e+00
1.263343108504398948e+01 2.991868646561560728e-11 1.000010939655162190e+00
1.265102639296187625e+01 3.003592504348573175e-11 1.000010961068245496e+00
1.266862170087976658e+01 3.015365039923760553e-11 1.000010982528226844e+00
1.268621700879765335e+01 3.027178978127192177e-11 1.000011004021609029e+00
1.270381231671554190e+01 3.039028964516262390e-11 1.000011025538483977e+00
1.272140762463343222e+01 3.050912038741103747e-11 1.000011047073354531e+00
1.273900293255131899e+01 3.062827934028532477e-11 1.000011068625633603e+00
1.275659824046920932e+01 3.074779164125637814e-11 1.000011090199753205e+00
1.277419354838709609e+01 3.086770910934428924e-11 1.000011111804913089e+00
1.279178885630498463e+01 3.098810684858930033e-11 1.000011133454424161e+00
1.280938416422287496e+01 3.110907829053798193e-11 1.000011155164780119e+00
1.282697947214076173e+01 3.123072851452319341e-11 1.000011176954429315e+00
1.284457478005865205e+01 3.135316671105364956e-11 1.000011198842410076e+00
1.286217008797653882e+01 3.147649826846061344e-11 1.000011220846930948e+00
1.287976539589442737e+01 3.160081696713926721e-11 1.000011242983990911e+00
1.289736070381231769e+01 3.172619802092424356e-11 1.000011265266162130e+00
1.291495601173020447e+01 3.185269245379571883e-11 1.000011287701625839e+00
1.293255131964809479e+01 3.198032327406756294e-11 1.000011310293538402e+00
1.295014662756598156e+01 3.210908367593517417e-11 1.000011333039763528e+00
1.296774193548387011e+01 3.223893760839675945e-11 1.000011355933024149e+00
1.298533724340176043e+01 3.236982248469983865e-11 1.000011378961432440e+00
1.300293255131964720e+01 3.250165406836613758e-11 1.000011402109393766e+00
1.302052785923753753e+01 3.263433302737396724e-11 1.000011425358793060e+00
1.303812316715542607e+01 3.276775276059161191e-11 1.000011448690389715e+00
1.305571847507331285e+01 3.290180790978348267e-11 1.000011472085313935e+00
1.307331378299120317e+01 3.303640291831609645e-11 1.000011495526554439e+00
1.309090909090908994e+01 3.317145992530934824e-11 1.000011519000308713e+00
1.310850439882698026e+01 3.330692544092385113e-11 1.000011542497110550e+00
1.312609970674486881e+01 3.344277525171824223e-11 1.000011566012632303e+00
1.314369501466275558e+01 3.357901709936409195e-11 1.000011589548095658e+00
1.316129032258064591e+01 3.371569099428283282e-11 1.000011613110270758e+00
1.317888563049853268e+01 3.385286698274967057e-11 1.000011636711033658e+00
1.319648093841642300e+01 3.399064062705845936e-11 1.000011660366541655e+00
1.321407624633431155e+01 3.412912644440129342e-11 1.000011684096064890e+00
1.323167155425219832e+01 3.426844981321908142e-11 1.000011707920571480e+00
1.324926686217008864e+01 3.440873790842717296e-11 1.000011731861163211e+00
1.326686217008797541e+01 3.455011045488699956e-11 1.000011755937499913e+00
1.328445747800586574e+01 3.469267086793568687e-11 1.000011780166306874e+00
1.330205278592375429e+01 3.483649858328441258e-11 1.000011804560104300e+00
1.331964809384164106e+01 3.498164308160528693e-11 1.000011829126237206e+00
1.333724340175953138e+01 3.512812015164617469e-11 1.000011853866298761e+00
1.335483870967741993e+01 3.527591070676523365e-11 1.000011878775987961e+00
1.337243401759530848e+01 3.542496218521067687e-11 1.000011903845408945e+00
1.339002932551319702e+01 3.557519261161305225e-11 1.000011929059810623e+00
1.340762463343108379e+01 3.572649695536102656e-11 1.000011954400703562e+00
1.342521994134897412e+01 3.587875531413913897e-11 1.000011979847267307e+00
1.344281524926686266e+01 3.603184244376835678e-11 1.000012005377965085e+00
1.346041055718475121e+01 3.618563778948986457e-11 1.000012030972220023e+00
1.347800586510263976e+01 3.634003532945959003e-11 1.000012056612039624e+00
1.349560117302052653e+01 3.649495246304034313e-11 1.000012082283460835e+00
1.351319648093841685e+01 3.665033724254258221e-11 1.000012107977701570e+00
1.353079178885630540e+01 3.680617328904939325e-11 1.000012133691917215e+00
1.354838709677419395e+01 3.696248218073683670e-11 1.000012159429530145e+00
1.356598240469208250e+01 3.711932273253712046e-11 1.000012185200046089e+00
1.358357771260996927e+01 3.727678765075812860e-11 1.000012211018440844e+00
1.360117302052785959e+01 3.743499737427418822e-11 1.000012236904096019e+00
1.361876832844574814e+01 3.759409171226196019e-11 1.000012262879388825e+00
1.363636363636363669e+01 3.775421995505415132e-11 1.000012288968047169e+00
1.365395894428152523e+01 3.791553007906760467e-11 1.000012315193383516e+00
1.367155425219941201e+01 3.807815792011283095e-11 1.000012341576538955e+00
1.368914956011730233e+01 3.824221715761584278e-11 1.000012368134886698e+00
1.370674486803519088e+01 3.840779083209419814e-11 1.000012394880700262e+00
1.372434017595307942e+01 3.857492509839710360e-11 1.000012421820200004e+00
1.374193548387096797e+01 3.874362575011461071e-11 1.000012448953059518e+00
1.375953079178885652e+01 3.891385771578834974e-11 1.000012476272394979e+00
1.377712609970674507e+01 3.908554775569222512e-11 1.000012503765268734e+00
1.379472140762463361e+01 3.925859010200285538e-11 1.000012531413658312e+00
1.381231671554252216e+01 3.943285461224884504e-11 1.000012559195811779e+00
1.382991202346041071e+01 3.960819702614064480e-11 1.000012587087920624e+00
1.384750733137829926e+01 3.978447041864901253e-11 1.000012615065961619e+00
1.386510263929618780e+01 3.996153708671454447e-11 1.000012643107580868e+00
1.388269794721407635e+01 4.013927985149252393e-11 1.000012671193861058e+00
1.390029325513196490e+01 4.031761203769471164e-11 1.000012699310854680e+00
1.391788856304985345e+01 4.049648521355326639e-11 1.000012727450747541e+00
1.393548387096774199e+01 4.067589416911318282e-11 1.000012755612571080e+00
1.395307917888563054e+01 4.085587851766393522e-11 1.000012783802378458e+00
1.397067448680351909e+01 4.103652104702713339e-11 1.000012812032908149e+00
1.398826979472140764e+01 4.121794256931655170e-11 1.000012840322709762e+00
1.400586510263929618e+01 4.140029389181104009e-11 1.000012868694830859e+00
1.402346041055718473e+01 4.158374525454193452e-11 1.000012897175127646e+00
1.404105571847507328e+01 4.176847427452653652e-11 1.000012925790369156e+00
1.405865102639296182e+01 4.195465304395781126e-11 1.000012954566229739e+00
1.407624633431085215e+01 4.214243556234693218e-11 1.000012983525364163e+00
1.409384164222873892e+01 4.233194629931824794e-11 1.000013012685680325e+00
1.411143695014662747e+01 4.252327094784179062e-11 1.000013042058969459e+00
1.412903225806451601e+01 4.271644995609656323e-11 1.000013071649985097e+00
1.414662756598240456e+01 4.291147542426074430e-11 1.000013101456045606e+00
1.416422287390029311e+01 4.310829164543218711e-11 1.000013131467202498e+00
1.418181818181818166e+01 4.330679945149460803e-11 1.000013161666982953e+00
1.419941348973607020e+01 4.350686366306821044e-11 1.000013192033597509e+00
1.421700879765395875e+01 4.370832377723072785e-11 1.000013222541618507e+00
1.423460410557184730e+01 4.391100650188563203e-11 1.000013253163918758e+00
1.425219941348973762e+01 4.411473963800032764e-11 1.000013283873780523e+00
1.426979472140762439e+01 4.431936605921679792e-11 1.000013314646996054e+00
1.428739002932551294e+01 4.452475678389111435e-11 1.000013345463797165e+00
1.430498533724340149e+01 4.473082209163600507e-11 1.000013376310466828e+00
1.432258064516129004e+01 4.493751982768153300e-11 1.000013407180511127e+00
1.434017595307917858e+01 4.514486013114518821e-11 1.000013438075277650e+00
1.435777126099706713e+01 4.535290628248830648e-11 1.000013469003993238e+00
1.437536656891495568e+01 4.556177139574667328e-11 1.000013499983182230e+00
1.439296187683284423e+01 4.577161132049424970e-11 1.000013531035534475e+00
1.441055718475073277e+01 4.598261403725891199e-11 1.000013562188269534e+00
1.442815249266862310e+01 4.619498659377447766e-11 1.000013593471160256e+00
1.444574780058650987e+01 4.640894026859573598e-11 1.000013624914324550e+00
1.446334310850439842e+01 4.662467527210515351e-11 1.000013656545977181e+00
1.448093841642228874e+01 4.684236601806561708e-11 1.000013688390294808e+00
1.449853372434017551e+01 4.706214824671519587e-11 1.000013720465584344e+00
1.451612903225806406e+01 4.728410886846074135e-11 1.000013752782868748e+00
1.453372434017595261e+01 4.750827934985513638e-11 1.000013785345011286e+00
1.455131964809384115e+01 4.773463334004651676e-11 1.000013818146467059e+00
1.456891495601173148e+01 4.796308852686814875e-11 1.000013851173650714e+00
1.458651026392961825e+01 4.819351299892877769e-11 1.000013884405948961e+00
1.460410557184750857e+01 4.842573533335624371e-11 1.000013917817259346e+00
1.462170087976539534e+01 4.865955801209726440e-11 1.000013951377979549e+00
1.463929618768328389e+01 4.889477300734546178e-11 1.000013985057283561e+00
1.465689149560117421e+01 4.913117848246140036e-11 1.000014018825520878e+00
1.467448680351906098e+01 4.936859531842157720e-11 1.000014052656557517e+00
1.469208211143694953e+01 4.960688215607369844e-11 1.000014086529870561e+00
1.470967741935483808e+01 4.984594784715673430e-11 1.000014120432245024e+00
1.472727272727272663e+01 5.008576016526465705e-11 1.000014154358918717e+00
1.474486803519061695e+01 5.032635028389071461e-11 1.000014188314111596e+00
1.476246334310850372e+01 5.056781222707782525e-11 1.000014222310841916e+00
1.478005865102639405e+01 5.081029771502827309e-11 1.000014256370097332e+00
1.479765395894428082e+01 5.105400631805219901e-11 1.000014290519361859e+00
1.481524926686216936e+01 5.129917187813263081e-11 1.000014324790641451e+00
1.483284457478005969e+01 5.154604609357930881e-11 1.000014359218120319e+00
1.485043988269794646e+01 5.179488053036407425e-11 1.000014393835633397e+00
1.486803519061583501e+01 5.204590826540256720e-11 1.000014428674120825e+00
1.488563049853372533e+01 5.229932683344546685e-11 1.000014463759301364e+00
1.490322580645161210e+01 5.255528353184645217e-11 1.000014499109702193e+00
1.492082111436950242e+01 5.281386437265965583e-11 1.000014534735224281e+00
1.493841642228738920e+01 5.307508755212608882e-11 1.000014570636347466e+00
1.495601173020527952e+01 5.333890198149412751e-11 1.000014606804044082e+00
1.497360703812316807e+01 5.360519104224559930e-11 1.000014643220410449e+00
1.499120234604105484e+01 5.387378155130059689e-11 1.000014679860001143e+00
1.500879765395894339e+01 5.414445707421681023e-11 1.000014716691735028e+00
1.502639296187683193e+01 5.441697483504899607e-11 1.000014753681261137e+00
1.504398826979472048e+01 5.469108502312895877e-11 1.000014790793616326e+00
1.506158357771261080e+01 5.496655092829578201e-11 1.000014827995950206e+00
1.507917888563049935e+01 5.524316846856006521e-11 1.000014865260129060e+00
1.509677419354838612e+01 5.552078355478478835e-11 1.000014902565008690e+00
1.511436950146627467e+01 5.579930598962953707e-11 1.000014939898209665e+00
1.513196480938416499e+01 5.607871853554808230e-11 1.000014977257217996e+00
1.514956011730205354e+01 5.635908075876063173e-11 1.000015014649775935e+00
1.516715542521994209e+01 5.664052681122865183e-11 1.000015052093458756e+00
1.518475073313782886e+01 5.692325758262711551e-11 1.000015089614512798e+00
1.520234604105571741e+01 5.720752756047246005e-11 1.000015127246009161e+00
1.521994134897360595e+01 5.749362736443117567e-11 1.000015165025454511e+00
1.523753665689149628e+01 5.778186330335694390e-11 1.000015202992042829e+00
1.525513196480938483e+01 5.807253535641029856e-11 1.000015241183740633e+00
1.527272727272727160e+01 5.836591535907755467e-11 1.000015279634442367e+00
1.529032258064516014e+01 5.866222701465313663e-11 1.000015318371405337e+00
1.530791788856305047e+01 5.896162923677681778e-11 1.000015357413159611e+00
1.532551319648093902e+01 5.926420418947947859e-11 1.000015396768059617e+00
1.534310850439882756e+01 5.956995094253605850e-11 1.000015436433589811e+00
1.536070381231671433e+01 5.987878553109380100e-11 1.000015476396511005e+00
1.537829912023460288e+01 6.019054701667033903e-11 1.000015516633781187e+00
1.539589442815249143e+01 6.050500997276628809e-11 1.000015557114290132e+00
1.541348973607038175e+01 6.082190179548843637e-11 1.000015597801189537e+00
1.543108504398827030e+01 6.114092409373153030e-11 1.000015638654706773e+00
1.544868035190616062e+01 6.146177649286621493e-11 1.000015679635224641e+00
1.546627565982404562e+01 6.178418101758343841e-11 1.000015720706385336e+00
1.548387096774193594e+01 6.210790517969000027e-11 1.000015761837979023e+00
1.550146627565982449e+01 6.243278213028103817e-11 1.000015803008417192e+00
1.551906158357771304e+01 6.275872603031850843e-11 1.000015844206562088e+00
1.553665689149560336e+01 6.308574146784984128e-11 1.000015885432775420e+00
1.555425219941348836e+01 6.341392622739482805e-11 1.000015926699118873e+00
1.557184750733137690e+01 6.374346672083279467e-11 1.000015968028630020e+00
1.558944281524926723e+01 6.407462680341109913e-11 1.000016009453783106e+00
1.560703812316715577e+01 6.440773017293504008e-11 1.000016051014171792e+00
1.562463343108504610e+01 6.474313818954695384e-11 1.000016092753659880e+00
1.564222873900293109e+01 6.508122428359030911e-11 1.000016134717147231e+00
1.565982404692082142e+01 6.542234709342279590e-11 1.000016176947231328e+00
1.567741935483870996e+01 6.576682436538332983e-11 1.000016219481011825e+00
1.569501466275659851e+01 6.611490950441276175e-11 1.000016262347271256e+00
1.571260997067448884e+01 6.646677269739124589e-11 1.000016305564262575e+00
1.573020527859237383e+01 6.682248796465499571e-11 1.000016349138259653e+00
1.574780058651026238e+01 6.718202751819220100e-11 1.000016393063025921e+00
1.576539589442815270e+01 6.754526356212263211e-11 1.000016437320198959e+00
1.578299120234604125e+01 6.791197791958805936e-11 1.000016481880625863e+00
1.580058651026393157e+01 6.828187860537546012e-11 1.000016526706518194e+00
1.581818181818181657e+01 6.865462254789912724e-11 1.000016571754316130e+00
1.583577712609970689e+01 6.902984251600152709e-11 1.000016616978015138e+00
1.585337243401759544e+01 6.940717649803755713e-11 1.000016662332728457e+00
1.587096774193548399e+01 6.978629735305393356e-11 1.000016707778228486e+00
1.588856304985337431e+01 7.016694020308485338e-11 1.000016753282154225e+00
1.590615835777125930e+01 7.054892579336153790e-11 1.000016798822689346e+00
1.592375366568914785e+01 7.093217751898250355e-11 1.000016844390441140e+00
1.594134897360703818e+01 7.131673104245811997e-11 1.000016889989412183e+00
1.595894428152492672e+01 7.170273536267519793e-11 1.000016935636947046e+00
1.597653958944281705e+01 7.209044519056550600e-11 1.000016981362653157e+00
1.599413489736070204e+01 7.248020516113019520e-11 1.000017027206382858e+00
1.601173020527859236e+01 7.287242682146587457e-11 1.000017073215396568e+00
1.602932551319647914e+01 7.326756018876376252e-11 1.000017119440936408e+00
1.604692082111436946e+01 7.366606173421588721e-11 1.000017165934438568e+00
1.606451612903225978e+01 7.406836171292523044e-11 1.000017212743725459e+00
1.608211143695014655e+01 7.447483258602908134e-11 1.000017259909387946e+00
1.609970674486803333e+01 7.488576156364277089e-11 1.000017307461703142e+00
1.611730205278592365e+01 7.530132916417902692e-11 1.000017355418295839e+00
1.613489736070381397e+01 7.572159537512766908e-11 1.000017403782717862e+00
1.615249266862170074e+01 7.614649488076563970e-11 1.000017452544093688e+00
1.617008797653959107e+01 7.657584175516814771e-11 1.000017501677858522e+00
1.618768328445747784e+01 7.700934334522985441e-11 1.000017551147535544e+00
1.620527859237536461e+01 7.744662263435991631e-11 1.000017600907450621e+00
1.622287390029325493e+01 7.788724751916874052e-11 1.000017650906186883e+00
1.624046920821114526e+01 7.833076490626015593e-11 1.000017701090526012e+00
1.625806451612903203e+01 7.877673716782639833e-11 1.000017751409586042e+00
1.627565982404691880e+01 7.922477813399826148e-11 1.000017801818838148e+00
1.629325513196480912e+01 7.967458585534414627e-11 1.000017852283689779e+00
1.631085043988269945e+01 8.012596971928516865e-11 1.000017902782376344e+00
1.632844574780058622e+01 8.057886934425382465e-11 1.000017953307885454e+00
1.634604105571847654e+01 8.103336396935437381e-11 1.000018003868794247e+00
1.636363636363636331e+01 8.148967125642463788e-11 1.000018054488917452e+00
1.638123167155425008e+01 8.194813542767048557e-11 1.000018105205784158e+00
1.639882697947214041e+01 8.240920546447864127e-11 1.000018156068043451e+00
1.641642228739003073e+01 8.287340505645408314e-11 1.000018207132003845e+00
1.643401759530792106e+01 8.334129609486848338e-11 1.000018258457523679e+00
1.645161290322580427e+01 8.381343887140760763e-11 1.000018310103605534e+00
1.646920821114369460e+01 8.429035162652477087e-11 1.000018362123993088e+00
1.648680351906158492e+01 8.477247267800754641e-11 1.000018414563121016e+00
1.650439882697947169e+01 8.526012793133822635e-11 1.000018467452718385e+00
1.652199413489736202e+01 8.575350643404600048e-11 1.000018520809341505e+00
1.653958944281524879e+01 8.625264583972173811e-11 1.000018574633020130e+00
1.655718475073313556e+01 8.675742908059534945e-11 1.000018628907137552e+00
1.657478005865102588e+01 8.726759293346009171e-11 1.000018683599590341e+00
1.659237536656891621e+01 8.778274762775249355e-11 1.000018738665114260e+00
1.660997067448680298e+01 8.830240670795001154e-11 1.000018794048661785e+00
1.662756598240468975e+01 8.882602491299015541e-11 1.000018849689574552e+00
1.664516129032258007e+01 8.935304129720946889e-11 1.000018905526236734e+00
1.666275659824047040e+01 8.988292461548803194e-11 1.000018961500883430e+00
1.668035190615835717e+01 9.041521731688228918e-11 1.000019017564176549e+00
1.669794721407624749e+01 9.094957497535501983e-11 1.000019073679217829e+00
1.671554252199413426e+01 9.148579761985510344e-11 1.000019129824644804e+00
1.673313782991202103e+01 9.202385096616812158e-11 1.000019185996616766e+00
1.675073313782991136e+01 9.256387498207550900e-11 1.000019242209449599e+00
1.676832844574780168e+01 9.310617947627490616e-11 1.000019298494894127e+00
1.678592375366569200e+01 9.365122649357009386e-11 1.000019354900062885e+00
1.680351906158357522e+01 9.419960065493578245e-11 1.000019411484149190e+00
1.682111436950146555e+01 9.475196980916754144e-11 1.000019468314203408e+00
1.683870967741935587e+01 9.530903835795992089e-11 1.000019525460232206e+00
1.685630498533724264e+01 9.587149727557893598e-11 1.000019582990040901e+00
1.687390029325513296e+01 9.643997414304345452e-11 1.000019640964164402e+00
1.689149560117301974e+01 9.701498721747700114e-11 1.000019699431298204e+00
1.690909090909090651e+01 9.759690690949791945e-11 1.000019758424560701e+00
1.692668621700879683e+01 9.818592786096735410e-11 1.000019817958897272e+00
1.694428152492668715e+01 9.878205378805475920e-11 1.000019878029820841e+00
1.696187683284457393e+01 9.938509658377924540e-11 1.000019938613612158e+00
1.697947214076246425e+01 9.999468992529199542e-11 1.000019999668976922e+00
1.699706744868035102e+01 1.006103167223604052e-10 1.000020061140056260e+00
1.701466275659824134e+01 1.012313487922667003e-10 1.000020122960604940e+00
1.703225806451612812e+01 1.018570958091954000e-10 1.000020185059010025e+00
1.704985337243401844e+01 1.024868601398508928e-10 1.000020247363802683e+00
1.706744868035190876e+01 1.031199935602780999e-10 1.000020309809247721e+00
1.708504398826979198e+01 1.037559514441216147e-10 1.000020372340582941e+00
1.710263929618768231e+01 1.043943401892320525e-10 1.000020434918496459e+00
1.712023460410557263e+01 1.050349541288361737e-10 1.000020497522493779e+00
1.713782991202346295e+01 1.056777987784559255e-10 1.000020560152873106e+00
1.715542521994134972e+01 1.063230983410370985e-10 1.000020622831137906e+00
1.717302052785923649e+01 1.069712865778665010e-10 1.000020685598792980e+00
1.719061583577712682e+01 1.076229813275641632e-10 1.000020748514583557e+00
1.720821114369501359e+01 1.082789446998793364e-10 1.000020811650407904e+00
1.722580645161290391e+01 1.089400313060478432e-10 1.000020875086150784e+00
1.724340175953079424e+01 1.096071285754642075e-10 1.000020938903853018e+00
1.726099706744867746e+01 1.102810936251264680e-10 1.000021003181653434e+00
1.727859237536656778e+01 1.109626912211189420e-10 1.000021067987943324e+00
1.729618768328445810e+01 1.116525376316988549e-10 1.000021133376184368e+00
1.731378299120234487e+01 1.123510547998541641e-10 1.000021199380800807e+00
1.733137829912023520e+01 1.130584382548828181e-10 1.000021266014442745e+00
1.734897360703812197e+01 1.137746416695509511e-10 1.000021333266872814e+00
1.736656891495601229e+01 1.144993793086399200e-10 1.000021401105554153e+00
1.738416422287389906e+01 1.152321469070253169e-10 1.000021469477953229e+00
1.740175953079178939e+01 1.159722593810069833e-10 1.000021538315369662e+00
1.741935483870967971e+01 1.167189034560229708e-10 1.000021607538080781e+00
1.743695014662756293e+01 1.174712012165378394e-10 1.000021677061393000e+00
1.745454545454545325e+01 1.182282800268120037e-10 1.000021746802167488e+00
1.747214076246334358e+01 1.189893439272516141e-10 1.000021816685348064e+00
1.748973607038123390e+01 1.197537407477799727e-10 1.000021886649973935e+00
1.750733137829912067e+01 1.205210197021944374e-10 1.000021956654203681e+00
1.752492668621700744e+01 1.212909749722352717e-10 1.000022026678971221e+00
1.754252199413489777e+01 1.220636712389250413e-10 1.000022096729935583e+00
1.756011730205278454e+01 1.228394491890617428e-10 1.000022166837588156e+00
1.757771260997067486e+01 1.236189097621720155e-10 1.000022237055443464e+00
1.759530791788856519e+01 1.244028782617110265e-10 1.000022307456456483e+00
1.761290322580644840e+01 1.251923506343785982e-10 1.000022378127912726e+00
1.763049853372433873e+01 1.259884256772016891e-10 1.000022449165153926e+00
1.764809384164222905e+01 1.267922281312499135e-10 1.000022520664607617e+00
1.766568914956011582e+01 1.276048285786784694e-10 1.000022592716661274e+00
1.768328445747800615e+01 1.284271658031738160e-10 1.000022665398886623e+00
1.770087976539589647e+01 1.292599778694598374e-10 1.000022738770160124e+00
1.771847507331378324e+01 1.301037468307739620e-10 1.000022812866096622e+00
1.773607038123167001e+01 1.309586620708392267e-10 1.000022887696208063e+00
1.775366568914956034e+01 1.318246046198379549e-10 1.000022963242955587e+00
1.777126099706745066e+01 1.327011548554050476e-10 1.000023039462861529e+00
1.778885630498533743e+01 1.335876228740037767e-10 1.000023116289576297e+00
1.780645161290322420e+01 1.344831004473601777e-10 1.000023193638750030e+00
1.782404692082111453e+01 1.353865306230898076e-10 1.000023271414334225e+00
1.784164222873900485e+01 1.362967903724240658e-10 1.000023349515871240e+00
1.785923753665689162e+01 1.372127808091276664e-10 1.000023427846288504e+00
1.787683284457478194e+01 1.381335171791261684e-10 1.000023506319508426e+00
1.789442815249266872e+01 1.390582129043565744e-10 1.000023584867402171e+00
1.791202346041055549e+01 1.399863501058158382e-10 1.000023663445453792e+00
1.792961876832844581e+01 1.409177312599770037e-10 1.000023742036724395e+00
1.794721407624633613e+01 1.418525075716734261e-10 1.000023820653778595e+00
1.796480938416422291e+01 1.427911808204712874e-10 1.000023899338355227e+00
1.798240469208210968e+01 1.437345787683490948e-10 1.000023978158834925e+00
1.800000000000000000e+01 1.446838048623520836e-10 1.000024057205620931e+00
