 0 6.8940666280583933
 0.017595307917888561 13.932600872867322
 0.035190615835777123 21.421985685205904
 0.052785923753665691 29.722406068638278
 0.070381231671554245 39.285752480984208
 0.08797653958944282 50.68188479706459
 0.10557184750733138 64.55984691344274
 0.12316715542521994 81.408399154127451
 0.14076246334310849 100.96827312398906
 0.15835777126099707 121.6567748472052
 0.17595307917888564 134.24712280621978
 0.19354838709677419 143.94013291140161
 0.21114369501466276 150.20195254366692
 0.22873900293255131 153.17595005795755
 0.24633431085043989 153.06280535771941
 0.26392961876832843 149.86157892310231
 0.28152492668621698 143.37300362987435
 0.29912023460410558 133.46642309095128
 0.31671554252199413 120.70588928993308
 0.33431085043988268 106.96225990340508
 0.35190615835777128 94.875313609343323
 0.36950146627565983 86.357459196968577
 0.38709677419354838 82.096797941257421
 0.40469208211143692 82.177736311982727
 0.42228739002932553 86.627140874439704
 0.43988269794721413 95.395728176484084
 0.45747800586510262 107.75409092720247
 0.47507331378299117 121.63637892502265
 0.49266862170087977 134.27038019912865
 0.51026392961876832 143.82134399037867
 0.52785923753665687 149.8435983569932
 0.54545454545454541 152.54982430296963
 0.56304985337243396 152.1660929075363
 0.58064516129032262 148.68337784991598
 0.59824046920821117 141.87152011298789
 0.61583577712609971 131.56503085139536
 0.63343108504398826 118.34407553606876
 0.65102639296187681 104.20170151950332
 0.66862170087976536 91.912593335892041
 0.6862170087976539 83.39305058909008
 0.70381231671554256 79.259619685853579
 0.72140762463343111 79.560982511837665
 0.73900293255131966 84.352598471193062
 0.75659824046920821 93.636817145757561
 0.77419354838709675 106.63102704520847
 0.79178885630498541 121.00204294337779
 0.80938416422287385 133.73264023585952
 0.82697947214076239 143.0451265809082
 0.84457478005865105 148.68603993245125
 0.8621700879765396 150.99199280079242
 0.87976539589442826 150.22185279336156
 0.8973607038123167 146.33799524674589
 0.91495601173020524 139.04070985677902
 0.9325513196480939 128.09253736212784
 0.95014662756598234 114.11809311675832
 0.967741935483871 99.375669549132454
 0.98533724340175954 86.888570683983488
 1.0029325513196481 78.527736212641429
 1.0205278592375366 74.743543791583846
 1.0381231671554252 75.510857530706957
 1.0557184750733137 80.927779395031351
 1.0733137829912023 91.06349237310647
 1.0909090909090908 104.99737308596207
 1.1085043988269794 119.93092545467923
 1.1260997067448679 132.56640979268423
 1.1436950146627567 141.35771005544061
 1.1612903225806452 146.37102693901443
 1.1788856304985338 148.09192343999416
 1.1964809384164223 146.79111538580287
 1.2140762463343107 142.36554818140601
 1.2316715542521994 134.4017801578062
 1.249266862170088 122.56687365723104
 1.2668621700879765 107.61454119753948
 1.2844574780058651 92.268892893161009
 1.3020527859237536 79.841275361319802
 1.3196480938416424 71.988537977840195
 1.3372434017595307 68.87717613820746
 1.3548387096774193 70.399703080528383
 1.3724340175953078 76.735574569238466
 1.3900293255131964 88.023397348831097
 1.4076246334310851 103.03683613470679
 1.4252199413489737 118.28618741064464
 1.4428152492668622 130.34722605399168
 1.4604105571847508 138.19744812444407
 1.4780058651026393 142.30419896518029
 1.4956011730205279 143.26530365964993
 1.5131964809384164 141.31078293302622
 1.530791788856305 136.22338024166115
 1.5483870967741935 127.43159369607351
 1.5659824046920821 114.51170289427674
 1.5835777126099708 98.522257083368686
 1.6011730205278594 82.885604819515294
 1.6187683284457477 71.052644456956955
 1.6363636363636362 64.180260417858591
 1.6539589442815248 62.079090448863568
 1.6715542521994136 64.611322548527198
 1.6891495601173021 72.097660723358459
 1.7067448680351907 84.699038065938439
 1.7243401759530792 100.58637678394911
 1.7419354838709677 115.46086646535197
 1.7595307917888565 126.24530403193376
 1.7771260997067448 132.72208832430718
 1.7947214076246334 135.70430235340245
 1.8123167155425219 135.79908071958945
 1.8299120234604105 133.1266866889849
 1.8475073313782993 127.30744988502052
 1.8651026392961878 117.58067849006513
 1.8826979472140764 103.50084294975963
 1.9002932551319647 86.741769156856705
 1.9178885630498534 71.549920224432825
 1.935483870967742 61.047428930857002
 1.9530791788856308 55.614607074159053
 1.9706744868035191 54.768286939560653
 1.9882697947214074 58.451020928539165
 2.0058651026392962 67.167257654034415
 2.0234604105571847 80.92375834279531
 2.0410557184750733 96.885811771151666
 2.0586510263929618 110.27168466944613
 2.0762463343108504 119.06922492293948
 2.0938416422287389 123.88160830035375
 2.1114369501466275 125.65447729715875
 2.129032258064516 124.87682919378234
 2.1466275659824046 121.50128503369531
 2.1642228739002931 114.95567713589656
 2.1818181818181817 104.30047642673556
 2.1994134897360706 89.271682585151055
 2.2170087976539588 72.574117028885638
 2.2346041055718477 58.957984553246973
 2.2521994134897358 50.500721571901835
 2.2697947214076244 46.79002120212408
 2.2873900293255134 47.258951198821208
 2.3049853372434015 52.038473759550314
 2.3225806451612905 61.754926137393362
 2.3401759530791786 75.864545388139447
 2.3577712609970676 90.360423319791352
 2.3753665689149561 101.05981331111937
 2.3929618768328447 107.4377923975334
 2.4105571847507332 110.53596717173731
 2.4281524926686213 111.16936238810072
 2.4457478005865103 109.61853440900995
 2.4633431085043989 105.64729258416213
 2.4809384164222874 98.503953979083235
 2.498533724340176 87.184024979827043
 2.5161290322580645 72.021573615839671
 2.533724340175953 56.925903442909728
 2.5513196480938416 46.069598535812666
 2.5689149560117301 40.058940853173638
 2.5865102639296187 38.05990958035018
 2.6041055718475072 39.655287663887563
 2.6217008797653958 45.160608884203533
 2.6392961876832848 55.035711666076281
 2.6568914956011729 67.721301419706649
 2.6744868035190614 78.895419277149259
 2.69208211143695 86.211513251659909
 2.7096774193548385 90.182856905741843
 2.7272727272727275 91.75675544269987
 2.7448680351906156 91.453742516938718
 2.7624633431085046 89.330510479488254
 2.7800586510263927 84.997512438005586
 2.7976539589442817 77.627562761419256
 2.8152492668621703 66.469921651004441
 2.8328445747800584 52.928801670700913
 2.8504398826979473 41.259382446724615
 2.8680351906158355 33.812447293139869
 2.8856304985337244 30.15687398504193
 2.903225806451613 29.535051626856422
 2.9208211143695015 31.755702120875512
 2.9384164222873901 37.1014798677367
 2.9560117302052786 45.405835572530592
 2.9736070381231672 54.417652269791937
 2.9912023460410557 61.265094218749695
 3.0087976539589443 65.354791725395614
 3.0263929618768328 67.32406671370839
 3.0439882697947214 67.730814657052136
 3.0615835777126099 66.795495838485024
 3.0791788856304989 64.414396694768556
 3.096774193548387 60.161215459266181
 3.1143695014662756 53.393471410229914
 3.1319648093841641 44.077585588460408
 3.1495601173020527 34.35842450843397
 3.1671554252199416 27.062241534778288
 3.1847507331378297 22.785264481802709
 3.2023460410557187 20.942628693710294
 3.2199413489736068 21.081590521167783
 3.2375366568914954 23.093916574267716
 3.2551319648093844 26.924302875359704
 3.2727272727272725 31.8607372788106
 3.2903225806451615 36.367030919948931
 3.3079178885630496 39.451184233748158
 3.3255131964809386 41.129298844773743
 3.3431085043988271 41.708889739744066
 3.3607038123167157 41.392485407882425
 3.3782991202346042 40.210378920421093
 3.3958944281524923 38.024644693322564
 3.4134897360703813 34.566791081863364
 3.4310850439882699 29.674088419986877
 3.4486803519061584 23.93380523732543
 3.466275659824047 18.811299975728698
 3.4838709677419355 15.260573734587922
 3.501466275659824 13.248475395765359
 3.519061583577713 12.459687429644656
 3.5366568914956011 12.664314118304278
 3.5542521994134897 13.701117797113529
 3.5718475073313782 15.306495542511882
 3.5894428152492668 17.007332134678748
 3.6070381231671558 18.346499713902325
 3.6246334310850439 19.146465780538172
 3.6422287390029329 19.435378547017926
 3.659824046920821 19.280162994553585
 3.6774193548387095 18.710899716266272
 3.6950146627565985 17.70717811103345
 3.7126099706744866 16.214843765800662
 3.7302052785923756 14.211620253028649
 3.7478005865102637 11.848820313234523
 3.7653958944281527 9.5299087989769475
 3.7829912023460412 7.6663520071433471
 3.8005865102639294 6.4018136869817095
 3.8181818181818179 5.6754811515381398
 3.8357771260997069 5.3740411174534017
 3.8533724340175954 5.3825424462575464
 3.870967741935484 5.5727831977217877
 3.8885630498533721 5.8064030480826903
 3.9061583577712615 5.9790079922875128
 3.9237536656891496 6.0456540991231682
 3.9413489736070382 5.9993302394110106
 3.9589442815249267 5.8423131435059137
 3.9765395894428148 5.5727436398377028
 3.9941348973607043 5.1833167522522512
 4.0117302052785924 4.6689195517239055
 4.0293255131964809 4.0446081167578205
 4.0469208211143695 3.3642576363260814
 4.064516129032258 2.7415730383210342
 4.0821114369501466 2.2398534958804488
 4.0997067448680351 1.8672836018539436
 4.1173020527859236 1.599234194262672
 4.1348973607038122 1.4139062715236219
 4.1524926686217007 1.300067193670341
 4.1700879765395893 1.2380832905217987
 4.1876832844574778 1.2151580801824728
 4.2052785923753664 1.2230129212639456
 4.2228739002932549 1.2587431629382078
 4.2404692082111435 1.2927973565990227
 4.258064516129032 1.326574929812526
 4.2756598240469206 1.3654395873149952
 4.2932551319648091 1.413816229809796
 4.3108504398826986 1.4655389645542383
 4.3284457478005862 1.5081300877582284
 4.3460410557184748 1.5439721067909524
 4.3636363636363633 1.5740610106655357
 4.3812316715542519 1.5991148019727273
 4.3988269794721413 1.6197740231947486
 4.416422287390029 1.6366648053282866
 4.4340175953079175 1.6504223255698538
 4.4516129032258061 1.6616961489452531
 4.4692082111436955 1.6711402852162651
 4.486803519061584 1.6793838694020475
 4.5043988269794717 1.6869770491914959
 4.5219941348973602 1.6943128560309741
 4.5395894428152488 1.701541832729907
 4.5571847507331382 1.7085158864971908
 4.5747800586510268 1.7148014227856589
 4.5923753665689144 1.7197716228973785
 4.609970674486803 1.7227399350045558
 4.6275659824046924 1.7230765569022655
 4.645161290322581 1.7202757932819996
 4.6627565982404695 1.7139843000848316
 4.6803519061583572 1.7040216380859301
 4.6979472140762457 1.690416553256491
 4.7155425219941352 1.6734555574231926
 4.7331378299120237 1.6537114008898564
 4.7507331378299122 1.6320106056512864
 4.7683284457477999 1.6093279791012107
 4.7859237536656893 1.5866442392113007
 4.8035190615835779 1.5648245649648325
 4.8211143695014664 1.5445517648674858
 4.838709677419355 1.5263076845734065
 4.8563049853372426 1.5103756922202265
 4.8739002932551321 1.496841417305133
 4.8914956011730206 1.4855856691035412
 4.9090909090909092 1.4762804273967549
 4.9266862170087977 1.4684076059553308
 4.9442815249266854 1.4613145223489732
 4.9618768328445748 1.4543004892170177
 4.9794721407624634 1.4467096427478556
 4.9970674486803519 1.4380032783821437
 5.0146627565982405 1.4278015396705184
 5.032258064516129 1.4159028811586403
 5.0498533724340176 1.4022955241992778
 5.0674486803519061 1.3871668995799113
 5.0850439882697946 1.3709029829553456
 5.1026392961876832 1.3540602669635542
 5.1202346041055717 1.3372980207370406
 5.1378299120234603 1.3212778280351944
 5.1554252199413488 1.3065573255932699
 5.1730205278592374 1.2935080626784028
 5.1906158357771268 1.2822720820263838
 5.2082111436950145 1.2727539911468275
 5.225806451612903 1.2646386518769168
 5.2434017595307916 1.2574288516429621
 5.2609970674486801 1.2505034526737795
 5.2785923753665696 1.243196538728595
 5.2961876832844572 1.2348906803375681
 5.3137829912023458 1.2251092921524913
 5.3313782991202343 1.2135934211325663
 5.3489736070381229 1.2003584296526333
 5.3665689149560123 1.1857335221001242
 5.3841642228739 1.1703712839351246
 5.4017595307917885 1.1551757342623388
 5.419354838709677 1.1411206634980202
 5.4369501466275665 1.1290582764507699
 5.454545454545455 1.1196218429261888
 5.4721407624633427 1.113191359658656
 5.4897360703812312 1.1098659793783145
 5.5073313782991198 1.1094327690148116
 5.5249266862170092 1.1113379238128676
 5.5425219941348978 1.1146628109942247
 5.5601173020527854 1.1181165890706899
 5.577712609970674 1.120073314802811
 5.5953079178885634 1.1185434720256981
 5.612903225806452 1.1110391191471469
 5.6304985337243405 1.1085956756817543
 5.6480938416422282 1.1081949989911033
 5.6656891495601167 1.1087439752965145
 5.6832844574780061 1.1095253182067235
 5.7008797653958947 1.1100658531331238
 5.7184750733137832 1.1101211898736805
 5.7360703812316709 1.1096708496849097
 5.7536656891495603 1.108905926148428
 5.7712609970674489 1.1082477114960658
 5.7888563049853374 1.1062846016110661
 5.806451612903226 1.1043412393704373
 5.8240469208211136 1.1015472864166802
 5.8416422287390031 1.0979237408757963
 5.8592375366568916 1.0933765027469082
 5.8768328445747802 1.0875106770261445
 5.8944281524926687 1.0790120561465548
 5.9120234604105573 1.0729401416998454
 5.9296187683284458 1.0740261193993104
 5.9472140762463344 1.0819089092501561
 5.9648093841642229 1.099141406105153
 5.9824046920821115 1.1122541313708012
 6 1.1242068191611845
 6.0175953079178885 1.1353313797440201
 6.0351906158357771 1.1459221931024717
 6.0527859237536656 1.1565895851861496
 6.0703812316715542 1.1689217315998224
 6.0879765395894427 1.1782249402707712
 6.1055718475073313 1.1803039372326567
 6.1231671554252198 1.1764708406833819
 6.1407624633431084 1.1680378325614513
 6.1583577712609978 1.1568971458656003
 6.1759530791788855 1.1454436854365573
 6.193548387096774 1.1359298636241475
 6.2111436950146626 1.1300370571471985
 6.2287390029325511 1.128884451403632
 6.2463343108504406 1.1331044202309244
 6.2639296187683282 1.1428719640681406
 6.2815249266862168 1.1579088261821977
 6.2991202346041053 1.1774715408304852
 6.3167155425219947 1.200295945802508
 6.3343108504398833 1.2245129836786286
 6.3519061583577709 1.2478515718863112
 6.3695014662756595 1.2683143367076959
 6.387096774193548 1.2845980157236012
 6.4046920821114375 1.2960673853241582
 6.422287390029326 1.3026670092950381
 6.4398826979472137 1.3048792262580657
 6.4574780058651022 1.3036853185015795
 6.4750733137829908 1.3004793838933082
 6.4926686217008802 1.2969125597305247
 6.5102639296187688 1.2946864913007026
 6.5278592375366564 1.2953426960450893
 6.545454545454545 1.3000877269374225
 6.5630498533724344 1.3096677672123509
 6.580645161290323 1.3242903922882565
 6.5982404692082115 1.3435945012645625
 6.6158357771260992 1.3666792000588022
 6.6334310850439877 1.3922033484422309
 6.6510263929618771 1.4185539568827763
 6.6686217008797657 1.4440591611050033
 6.6862170087976542 1.4672032210005721
 6.7038123167155419 1.4868025367121969
 6.7214076246334313 1.5021250754981554
 6.7390029325513199 1.5129594266137256
 6.7565982404692084 1.5196432300059324
 6.774193548387097 1.5230474051559482
 6.7917888563049846 1.524501380569163
 6.8093841642228741 1.5256502434462371
 6.8269794721407626 1.5282561465352464
 6.8445747800586512 1.5339768427487184
 6.8621700879765397 1.5441578608025752
 6.8797653958944283 1.5596629300921889
 6.8973607038123168 1.580755544907384
 6.9149560117302054 1.6070442254212145
 6.9325513196480939 1.6375093774991958
 6.9501466275659824 1.6706243663908562
 6.967741935483871 1.7045593585250236
 6.9853372434017595 1.7374266681745281
 7.0029325513196481 1.7675147501326656
 7.0205278592375366 1.7934740858082909
 7.0381231671554261 1.8144471586144171
 7.0557184750733137 1.8301536782073056
 7.0733137829912023 1.8409402730589435
 7.0909090909090908 1.8477869259079571
 7.1085043988269794 1.8522469722215886
 7.1260997067448688 1.8563003017906505
 7.1436950146627565 1.8621244060301592
 7.161290322580645 1.8718187654391705
 7.1788856304985336 1.8871310829463597
 7.1964809384164221 1.9092231191040372
 7.2140762463343115 1.9384973543225279
 7.2316715542521992 1.9745029671582106
 7.2492668621700878 2.0159483290655213
 7.2668621700879763 2.0608443829421663
 7.2844574780058657 2.1067711501024462
 7.3020527859237543 2.1512120174877052
 7.3196480938416419 2.1918759083351009
 7.3372434017595305 2.2269482449382894
 7.354838709677419 2.2552585192626893
 7.3724340175953085 2.2763867004222931
 7.390029325513197 2.2907311137169937
 7.4076246334310847 2.2995333625918533
 7.4252199413489732 2.3048257289179741
 7.4428152492668627 2.3092610254923041
 7.4604105571847512 2.3158167516908863
 7.4780058651026398 2.3274157522691432
 7.4956011730205274 2.3465350410899619
 7.513196480938416 2.3748637796966618
 7.5307917888563054 2.413043580330843
 7.5483870967741931 2.4605155866297399
 7.5659824046920825 2.5155141132026682
 7.583577712609971 2.5752510259684906
 7.6011730205278587 2.6362917651618099
 7.6187683284457481 2.6950453876010627
 7.6363636363636358 2.7482410517371743
 7.6539589442815252 2.793290086415686
 7.6715542521994138 2.8285117801034678
 7.6891495601173014 2.8532649112201369
 7.7067448680351909 2.8680334092970363
 7.7243401759530803 2.8744704471070444
 7.741935483870968 2.8753494229773642
 7.7595307917888565 2.8743497802783335
 7.7771260997067442 2.8756486669563661
 7.7947214076246336 2.8833736189102734
 7.812316715542523 2.9010299564883892
 7.8299120234604107 2.931005226259765
 7.8475073313782993 2.9742024035209491
 7.8651026392961869 3.0298296743384046
 7.8826979472140764 3.0953966532500665
 7.9002932551319658 3.1669818403356342
 7.9178885630498534 3.2397778828857229
 7.935483870967742 3.3088003590500228
 7.9530791788856297 3.3695640682976742
 7.9706744868035191 3.4185722277982094
 7.9882697947214085 3.4535920629135322
 8.0058651026392962 3.4737936749444902
 8.0234604105571847 3.479838529714383
 8.0410557184750733 3.4739322041083422
 8.0586510263929618 3.4597642939626541
 8.0762463343108504 3.4422201163736399
 8.0938416422287389 3.4268121666941092
 8.1114369501466275 3.4189139879050154
 8.129032258064516 3.4229769312253056
 8.1466275659824046 3.4418920029317022
 8.1642228739002931 3.4765689742127743
 8.1818181818181817 3.5257513403862051
 8.1994134897360702 3.5861050821047473
 8.2170087976539605 3.6526378869151825
 8.2346041055718473 3.7194331455993299
 8.2521994134897358 3.7805375203731333
 8.2697947214076244 3.8307561664801084
 8.2873900293255129 3.8661829380273822
 8.3049853372434015 3.8844612702193695
 8.32258064516129 3.8848905303657806
 8.3401759530791786 3.8684874084362284
 8.3577712609970671 3.8380117577885549
 8.3753665689149557 3.7978530898748786
 8.392961876832846 3.7536380564869187
 8.4105571847507328 3.7115136933952573
 8.4281524926686213 3.6772358608882398
 8.4457478005865099 3.6553037714528536
 8.4633431085043984 3.6483377938475581
 8.480938416422287 3.6567676511980749
 8.4985337243401755 3.6788167404171923
 8.5161290322580641 3.7107729631451463
 8.5337243401759544 3.7475463875555453
 8.5513196480938412 3.783449594023339
 8.5689149560117315 3.8130293963650153
 8.5865102639296182 3.8317441828438863
 8.6041055718475068 3.8363746740410338
 8.6217008797653971 3.8252002664473368
 8.6392961876832839 3.7980516877655641
 8.6568914956011724 3.7563216230309626
 8.674486803519061 3.7029197683020261
 8.6920821114369495 3.6420738619776034
 8.7096774193548399 3.5788764569504909
 8.7272727272727266 3.5185836272669397
 8.744868035190617 3.4658186364864161
 8.7624633431085037 3.4238976602214199
 8.7800586510263923 3.394425937717827
 8.7976539589442826 3.3771908827107042
 8.8152492668621694 3.3703089185855912
 8.8328445747800579 3.3705801338209396
 8.8504398826979482 3.3740078733485936
 8.868035190615835 3.3764056626697974
 8.8856304985337253 3.3739703661044489
 8.9032258064516121 3.3637088798535744
 8.9208211143695024 3.3436770836059231
 8.938416422287391 3.3130693647506004
 8.9560117302052777 3.2722262249152423
 8.9736070381231681 3.2225964018586994
 8.9912023460410548 3.1666323048891534
 9.0087976539589434 3.1075613689643857
 9.0263929618768337 3.0489973406804087
 9.0439882697947205 2.9944314339256959
 9.0615835777126108 2.9467196596477168
 9.0791788856304976 2.9076954690412622
 9.0967741935483879 2.8779793805165115
 9.1143695014662764 2.8569852038663908
 9.1319648093841632 2.8430868215068963
 9.1495601173020535 2.8339078403058382
 9.1671554252199403 2.826694622415483
 9.1847507331378289 2.8187150711078801
 9.2023460410557192 2.80761082664855
 9.219941348973606 2.7916461542533186
 9.2375366568914963 2.769839972585574
 9.2551319648093848 2.742006876023749
 9.2727272727272734 2.7087421975069228
 9.2903225806451619 2.6713654753653082
 9.3079178885630487 2.631807514246618
 9.325513196480939 2.5924144787420111
 9.3431085043988276 2.5556629285392294
 9.3607038123167143 2.5238229913813761
 9.3782991202346047 2.4986408708964376
 9.3958944281524914 2.4811088730436186
 9.4134897360703818 2.4713566554578086
 9.4310850439882703 2.4686628216564621
 9.4486803519061588 2.4715724951715412
 9.4662756598240474 2.4781062064468737
 9.4838709677419342 2.4860378359868283
 9.5014662756598245 2.4931994190056557
 9.519061583577713 2.4977562177460069
 9.5366568914955998 2.4984062123765542
 9.5542521994134901 2.4944905808671201
 9.5718475073313787 2.4860318067113507
 9.5894428152492672 2.4737237197576567
 9.6070381231671558 2.4588829646112087
 9.6246334310850443 2.4433500512172839
 9.6422287390029329 2.4293198479411338
 9.6598240469208214 2.4190970401346679
 9.67741935483871 2.4148042118530291
 9.6950146627565985 2.4180951239292656
 9.7126099706744853 2.4299242998569235
 9.7302052785923756 2.4504020945338283
 9.7478005865102642 2.4787458513511393
 9.7653958944281527 2.5133359733082754
 9.7829912023460412 2.5518884366563968
 9.8005865102639298 2.5917395207831868
 9.8181818181818183 2.6302005754662483
 9.8357771260997069 2.6649076505872173
 9.8533724340175954 2.6940950146062246
 9.870967741935484 2.7167630583839784
 9.8885630498533708 2.7327563121466678
 9.9061583577712611 2.7427837883908452
 9.9237536656891496 2.7483964328706501
 9.9413489736070382 2.7519045790556147
 9.9589442815249267 2.7561999707671201
 9.9765395894428153 2.7644618422545535
 9.9941348973607038 2.7797699496821777
 10.011730205278592 2.8046879239905214
 10.029325513196481 2.840887154732866
 10.046920821114369 2.8888588654997691
 10.064516129032258 2.9477445032422542
 10.082111436950147 3.0153229200330509
 10.099706744868035 3.0882040262775128
 10.117302052785924 3.1622469991043105
 10.134897360703812 3.2331371381026743
 10.152492668621701 3.2969772773231463
 10.170087976539589 3.3507513424392048
 10.187683284457478 3.3926023869696582
 10.205278592375366 3.421961953741036
 10.222873900293255 3.4396014389965304
 10.240469208211143 3.4476385818596813
 10.258064516129032 3.4494625268582038
 10.275659824046921 3.4494959411058539
 10.293255131964809 3.4527369217269039
 10.310850439882698 3.4641132991925598
 10.328445747800586 3.4877717131965369
 10.346041055718475 3.5264417412760758
 10.363636363636363 3.580965754002337
 10.381231671554254 3.6500424145243797
 10.39882697947214 3.7302421682225479
 10.416422287390029 3.8163699775630833
 10.434017595307918 3.9021857275309779
 10.451612903225806 3.9813393616891042
 10.469208211143696 4.0482590991517196
 10.486803519061583 4.0987735115475727
 10.504398826979472 4.1304218973945916
 10.52199413489736 4.1425602483723489
 10.539589442815249 4.1363949843447099
 10.557184750733139 4.1149845518364359
 10.574780058651026 4.0831222677221266
 10.592375366568914 4.0469506276135405
 10.609970674486803 4.0132274065306088
 10.627565982404692 3.9883417955559555
 10.645161290322582 3.9773261091108858
 10.662756598240469 3.9831008380659414
 10.680351906158357 4.0060644145413287
 10.697947214076246 4.0440379942700764
 10.715542521994134 4.0925654871840287
 10.733137829912025 4.1455732098032723
 10.750733137829911 4.1963135775303524
 10.7683284457478 4.2383807958778137
 10.78592375366569 4.2665355650372918
 10.803519061583577 4.2771896570293322
 10.821114369501467 4.2685880425550211
 10.838709677419354 4.2408332542477707
 10.856304985337243 4.1958647802807834
 10.873900293255133 4.1373865172195972
 10.89149560117302 4.0706237083326844
 10.90909090909091 4.0017793527065972
 10.926686217008797 3.9371861728558084
 10.944281524926685 3.8823367745713249
 10.961876832844576 3.8410649224534397
 10.979472140762462 3.8150701649921306
 10.997067448680353 3.803821219155552
 11.01466275659824 3.8047793439820401
 11.032258064516128 3.8138764215096317
 11.049853372434018 3.8261859897309223
 11.067448680351905 3.8366831399643089
 11.085043988269796 3.8409388994157143
 11.102639296187684 3.835612844275555
 11.120234604105571 3.8187035190125913
 11.137829912023461 3.7896159356258985
 11.155425219941348 3.7491363134877607
 11.173020527859238 3.6993590827488747
 11.190615835777127 3.643536335792338
 11.208211143695014 3.5857762131826032
 11.225806451612904 3.5305476165585774
 11.243401759530791 3.4820466871606195
 11.260997067448681 3.4435742253952277
 11.27859237536657 3.4170828403972235
 11.296187683284456 3.402975574580271
 11.313782991202347 3.4001492322112661
 11.331378299120233 3.4062373017480394
 11.348973607038124 3.4180083726173325
 11.366568914956012 3.4318689388255472
 11.384164222873899 3.4443887518048082
 11.401759530791789 3.4527468729329587
 11.419354838709676 3.4550247074239313
 11.436950146627566 3.4503376653824183
 11.454545454545455 3.4388505643710214
 11.472140762463342 3.4217281432654247
 11.489736070381232 3.4010368423400861
 11.507331378299121 3.3795708559584132
 11.524926686217009 3.360561303593848
 11.542521994134898 3.3472610864349228
 11.560117302052785 3.342462484674996
 11.577712609970675 3.3480517233267353
 11.595307917888563 3.3646982888155632
 11.612903225806452 3.3917311215999226
 11.630498533724341 3.4272136253595522
 11.648093841642227 3.4682134177467838
 11.665689149560118 3.5112463127278191
 11.683284457478006 3.5528310540435988
 11.700879765395895 3.590040508783364
 11.718475073313783 3.6209281483213864
 11.73607038123167 3.6447672735033638
 11.75366568914956 3.6621230198016201
 11.771260997067449 3.6748218269333019
 11.788856304985337 3.6858664218338109
 11.806451612903226 3.6992908959613868
 11.824046920821115 3.7199049632763299
 11.841642228739003 3.7528760574356173
 11.859237536656892 3.80314860667329
 11.87683284457478 3.8747639228382065
 11.894428152492669 3.970167848440775
 11.912023460410557 4.0895698182617437
 11.929618768328446 4.2304092347539388
 11.947214076246334 4.3870556553576598
 11.964809384164223 4.5509769518082779
 11.982404692082111 4.7115917054097274
 12 4.8577501375347802
 12.017595307917889 4.9794007896596577
 12.035190615835777 5.0688632338975124
 12.052785923753666 5.1214071363475533
 12.070381231671554 5.135268123917176
 12.087976539589443 5.1114421847353748
 12.105571847507331 5.0534965200928639
 12.12316715542522 4.9673630481705695
 12.140762463343108 4.8608490974971597
 12.158357771260997 4.7425992797570133
 12.175953079178885 4.6205572720099637
 12.193548387096774 4.5004165044946509
 12.211143695014663 4.3847105935653987
 12.228739002932553 4.2728868082316733
 12.24633431085044 4.1621972193950088
 12.263929618768328 4.0489332544458696
 12.281524926686217 3.9295520862723285
 12.299120234604105 3.8014594186296784
 12.316715542521996 3.6634296300666995
 12.334310850439882 3.5157534394924195
 12.351906158357771 3.3602018732762877
 12.369501466275659 3.199840227570093
 12.387096774193548 3.0386834200046637
 12.404692082111438 2.8811965560738688
 12.422287390029325 2.7317081598753248
 12.439882697947214 2.5938675705728835
 12.457478005865102 2.4702816480907837
 12.475073313782991 2.3623960048186063
 12.492668621700881 2.2705912261251848
 12.510263929618768 2.1944054839888394
 12.527859237536656 2.1327916485478404
 12.545454545454545 2.0843485078314092
 12.563049853372434 2.0475020628880705
 12.580645161290324 2.020637417014143
 12.598240469208211 2.0021923616379262
 12.615835777126099 1.9907249159196427
 12.633431085043989 1.9849639053899857
 12.651026392961876 1.983847582431264
 12.668621700879767 1.9865519813173425
 12.686217008797653 1.9925086606247913
 12.703812316715542 2.0014105267839026
 12.721407624633432 2.0132040484458145
 12.739002932551319 2.0280658126106803
 12.756598240469209 2.0463606273095225
 12.774193548387096 2.0685770981045848
 12.791788856304985 2.0952351386509989
 12.809384164222875 2.1267594977484636
 12.826979472140762 2.1633169184236203
 12.844574780058652 2.2046263258643024
 12.862170087976539 2.2497746940542824
 12.879765395894427 2.2971009037457626
 12.897360703812318 2.344224699663052
 12.914956011730204 2.3882672276141204
 12.932551319648095 2.4262281449258221
 12.950146627565982 2.4554023781674101
 12.96774193548387 2.4737086607997369
 12.98533724340176 2.4798727902875641
 13.002932551319647 2.4734954170726415
 13.020527859237538 2.4550692132072549
 13.038123167155426 2.4259816325146195
 13.055718475073313 2.3884807447833758
 13.073313782991203 2.3455403192609734
 13.09090909090909 2.3005763837457893
 13.10850439882698 2.2570446562463427
 13.126099706744869 2.2180315614725985
 13.143695014662756 2.1859657833017576
 13.161290322580646 2.1625087130534624
 13.178885630498533 2.1485931552864752
 13.196480938416423 2.1445341609108732
 13.214076246334312 2.1501432991687541
 13.231671554252198 2.1648104896188043
 13.249266862170089 2.1875499160583054
 13.266862170087975 2.21702815885982
 13.284457478005866 2.251601971187315
 13.302052785923754 2.2893899903633206
 13.319648093841641 2.3283881192480984
 13.337243401759531 2.3666180314786356
 13.35483870967742 2.4022828141286028
 13.372434017595308 2.4339018939452597
 13.390029325513197 2.4604084110668945
 13.407624633431084 2.4812065040696307
 13.425219941348974 2.4961934980589904
 13.442815249266863 2.5057499123071429
 13.460410557184751 2.5106938183480301
 13.47800586510264 2.5121940982656872
 13.495601173020527 2.5116450489716242
 13.513196480938417 2.510519765685987
 13.530791788856305 2.5102316594856906
 13.548387096774194 2.5120327743710438
 13.565982404692082 2.5169637263776181
 13.583577712609969 2.5258515461551787
 13.60117302052786 2.5393380633550655
 13.618768328445748 2.5579167021862736
 13.636363636363637 2.581957845544204
 13.653958944281525 2.6117085397214419
 13.671554252199412 2.647258862465161
 13.689149560117302 2.6884745701423762
 13.706744868035191 2.7349047643851003
 13.724340175953079 2.7856848160945007
 13.741935483870968 2.8394664535886562
 13.759530791788857 2.894412535983788
 13.777126099706745 2.9482855140320945
 13.794721407624634 2.9986329579703206
 13.812316715542522 3.0430400308426071
 13.829912023460411 3.0793962909576487
 13.847507331378299 3.1061266100299383
 13.865102639296188 3.1223590404843655
 13.882697947214076 3.1280273878590341
 13.900293255131965 3.1239163368344167
 13.917888563049853 3.1116499897852683
 13.935483870967742 3.0936121786674753
 13.953079178885631 3.0727846069177898
 13.970674486803519 3.0525045802955826
 13.988269794721408 3.0361698880619397
 14.005865102639296 3.0269346914102369
 14.023460410557185 3.0274322248385737
 14.041055718475073 3.0395325256425303
 14.058651026392962 3.0641188890892432
 14.076246334310852 3.1008699712278669
 14.093841642228739 3.1480757419929302
 14.111436950146627 3.2025777414115519
 14.129032258064516 3.2599558889484901
 14.146627565982405 3.3150239139634787
 14.164222873900293 3.3625443511279371
 14.181818181818182 3.397942106147493
 14.19941348973607 3.4178092337616075
 14.217008797653959 3.4201426245550737
 14.234604105571847 3.4044030681004092
 14.252199413489738 3.3715196545952519
 14.269794721407624 3.3238898646869313
 14.287390029325513 3.2653138604998477
 14.304985337243401 3.2007364602464108
 14.32258064516129 3.1357179492753429
 14.340175953079179 3.0757061290253596
 14.357771260997067 3.0253190295868291
 14.375366568914956 2.9878404901093112
 14.392961876832844 2.9649890236267775
 14.410557184750733 2.9568822756254427
 14.428152492668623 2.9620924192659897
 14.44574780058651 2.9777621693093335
 14.463343108504398 2.9998418773151805
 14.480938416422289 3.0235249179353572
 14.498533724340176 3.0438657691055027
 14.516129032258064 3.0564316626646679
 14.533724340175953 3.0577962495481841
 14.551319648093841 3.0457823687638919
 14.568914956011731 3.0195056200234904
 14.586510263929618 2.9793378644676989
 14.604105571847509 2.9268693847229903
 14.621700879765395 2.8648515918047361
 14.639296187683284 2.79702246971494
 14.656891495601174 2.7277198773730729
 14.674486803519061 2.6612955745165068
 14.69208211143695 2.6014850227778554
 14.709677419354838 2.5509357513943458
 14.727272727272727 2.5110029432874148
 14.744868035190617 2.4817798404254612
 14.762463343108504 2.4622611168967747
 14.780058651026394 2.4505608203629516
 14.797653958944281 2.4441640102079503
 14.815249266862169 2.4402214883223561
 14.83284457478006 2.4358801618918715
 14.850439882697946 2.4286028695767219
 14.868035190615835 2.4164154034713143
 14.885630498533725 2.3980452578182407
 14.903225806451612 2.3729629411954254
 14.920821114369502 2.3413636982913251
 14.938416422287389 2.3041191899308497
 14.95601173020528 2.2626986046580049
 14.973607038123168 2.2190334737871287
 14.991202346041055 2.1753032604110767
 15.008797653958943 2.1336546600888067
 15.026392961876832 2.0959132248683559
 15.04398826979472 2.0633629435749548
 15.061583577712611 2.0366413698238128
 15.079178885630499 2.0157488974934128
 15.096774193548386 2.0001379285816858
 15.114369501466275 1.9888445449388557
 15.131964809384165 1.9806388181521328
 15.149560117302054 1.9741814436288547
 15.167155425219942 1.96817607158874
 15.184750733137829 1.9615028934961569
 15.202346041055717 1.9533184572696529
 15.219941348973606 1.9431133144426183
 15.237536656891496 1.9307291170357794
 15.255131964809385 1.9163432586630271
 15.272727272727272 1.900428766931366
 15.29032258064516 1.8836924220752598
 15.30791788856305 1.8669907215232957
 15.325513196480939 1.8512258754651445
 15.343108504398828 1.8372323108200843
 15.360703812316714 1.8256726123035787
 15.378299120234603 1.8169634080201524
 15.395894428152491 1.8112440732003343
 15.413489736070382 1.8083888176202885
 15.43108504398827 1.8080527567835862
 15.448680351906161 1.8097385718209018
 15.466275659824046 1.812871194827069
 15.483870967741936 1.8168705529120586
 15.501466275659824 1.8212147828452894
 15.519061583577713 1.8254883168579035
 15.536656891495603 1.8294114501547607
 15.554252199413488 1.8328506241808817
 15.571847507331377 1.8358111454788584
 15.589442815249267 1.8384156694182265
 15.607038123167156 1.8408722994332312
 15.624633431085046 1.8434360886055909
 15.642228739002931 1.8463678492676536
 15.659824046920821 1.849894830597451
 15.67741935483871 1.8541785829823931
 15.695014662756599 1.859295234170975
 15.712609970674489 1.8652317158072589
 15.730205278592374 1.8718983344432623
 15.747800586510262 1.8791544994309
 15.765395894428153 1.886841669518007
 15.782991202346041 1.8948164492377018
 15.800586510263932 1.902977293362242
 15.818181818181817 1.9112799843662371
 15.835777126099707 1.9197393427708198
 15.853372434017595 1.9284170666423328
 15.870967741935484 1.9373979039664486
 15.888563049853374 1.9467583490066067
 15.906158357771259 1.9565335091629654
 15.923753665689148 1.9666884517473704
 15.941348973607038 1.9770999655338057
 15.958944281524927 1.9875531627722336
 15.976539589442817 1.9977548861262737
 15.994134897360702 2.0073629648901212
 16.011730205278592 2.0160276495260083
 16.029325513196479 2.0234396113857605
 16.046920821114369 2.029377971497639
 16.06451612903226 2.0337518139195376
 16.082111436950147 2.036629270000029
 16.099706744868033 2.0382493193850384
 16.117302052785924 2.0390129074309451
 16.134897360703814 2.0394518946252296
 16.152492668621701 2.0401767360577079
 16.170087976539591 2.0418064876502786
 16.187683284457478 2.0448875197133227
 16.205278592375365 2.0498100163254125
 16.222873900293255 2.0567337979185267
 16.240469208211145 2.065536719053239
 16.258064516129032 2.0757985971956563
 16.275659824046919 2.0868295874744969
 16.293255131964809 2.097743417554514
 16.310850439882699 2.1075650265299739
 16.328445747800586 2.1153536820685828
 16.346041055718477 2.1203209094227273
 16.363636363636363 2.1219277552368596
 16.38123167155425 2.1199537560284671
 16.39882697947214 2.1145353028916043
 16.416422287390031 2.1061717788362868
 16.434017595307921 2.0956959576249963
 16.451612903225804 2.0842049131752156
 16.469208211143695 2.0729520734438567
 16.486803519061585 2.0632092244869376
 16.504398826979472 2.0561149261981249
 16.521994134897362 2.0525288212556099
 16.539589442815249 2.0529096586113309
 16.557184750733136 2.0572323714049712
 16.574780058651026 2.0649592491504412
 16.592375366568916 2.0750795817919032
 16.609970674486803 2.0862241483678674
 16.62756598240469 2.0968421880984263
 16.64516129032258 2.105406945113776
 16.66275659824047 2.1106069537347913
 16.680351906158357 2.1114917787208061
 16.697947214076247 2.1075639229430072
 16.715542521994134 2.0988257455124533
 16.733137829912021 2.0857914898429852
 16.750733137829911 2.0694633649690717
 16.768328445747802 2.0512592127642204
 16.785923753665692 2.03287988298678
 16.803519061583575 2.0161207293647028
 16.821114369501466 2.002653950410668
 16.838709677419356 1.9938200477296755
 16.856304985337243 1.9904595789983133
 16.873900293255133 1.9928003640446563
 16.89149560117302 2.000407078166381
 16.909090909090907 2.0122048630433804
 16.926686217008797 2.0265930624221897
 16.944281524926687 2.0416507308912242
 16.961876832844574 2.0554009377640301
 16.979472140762464 2.0660716616325967
 16.997067448680351 2.0722958975024608
 17.014662756598241 2.0732304601242615
 17.032258064516128 2.0686106058853198
 17.049853372434018 2.0587689308339976
 17.067448680351909 2.044630259370285
 17.085043988269792 2.0276669947482833
 17.102639296187682 2.0097847248503218
 17.120234604105573 1.993121958969343
 17.137829912023463 1.9797860457246825
 17.15542521994135 1.971580511640735
 17.173020527859236 1.9697785296972403
 17.190615835777127 1.9749672428765674
 17.208211143695014 1.9869617293764392
 17.225806451612904 2.0047902586621968
 17.243401759530794 2.0267736451751794
 17.260997067448677 2.0507246711943994
 17.278592375366568 2.074254000837032
 17.296187683284458 2.0951098510817348
 17.313782991202345 2.1114573686056102
 17.331378299120235 2.1220457275116886
 17.348973607038122 2.1262774083123208
 17.366568914956012 2.1242294599430456
 17.384164222873899 2.1166630329463558
 17.401759530791789 2.1050147316321768
 17.41935483870968 2.0913244391314607
 17.436950146627563 2.078051289478374
 17.454545454545453 2.0677753104432073
 17.472140762463344 2.062846873118318
 17.489736070381234 2.0650714403671553
 17.507331378299121 2.0754813604960924
 17.524926686217007 2.0941941527222649
 17.542521994134898 2.1203456046079445
 17.560117302052785 2.1521220337938871
 17.577712609970675 2.186946944467842
 17.595307917888565 2.2218417580123599
 17.612903225806448 2.2538824871734433
 17.630498533724339 2.2806053370854653
 17.648093841642229 2.300253154166497
 17.665689149560116 2.3118640540696638
 17.683284457478006 2.3152814809309343
 17.700879765395896 2.3111618380819006
 17.718475073313783 2.3009940593291436
 17.73607038123167 2.2870728481473428
 17.75366568914956 2.2723343655874375
 17.771260997067451 2.2600094005221303
 17.788856304985337 2.253156284006129
 17.806451612903224 2.2542104425592795
 17.824046920821115 2.2646555245434312
 17.841642228739005 2.2848284816159015
 17.859237536656892 2.313826642482101
 17.876832844574782 2.3495281528799254
 17.894428152492669 2.3888003041653549
 17.912023460410555 2.427946440434392
 17.929618768328446 2.4633062674750428
 17.947214076246336 2.4918016118198061
 17.964809384164223 2.5112557432531495
 17.98240469208211 2.5204775318686163
 18 2.5192299702777641


