0.000000000000000000e+00 7.792469462092669330e-01 1.605751851306560596e+01
1.759530791788856130e-02 7.788143490566039606e-01 1.602194134799866632e+01
3.519061583577712260e-02 7.775176411514526098e-01 1.591612420408503681e+01
5.278592375366569084e-02 7.753601036751559539e-01 1.574275473983295015e+01
7.038123167155424520e-02 7.723473017079292013e-01 1.550613354764999130e+01
8.797653958944282038e-02 7.684872111624666546e-01 1.521192533618184761e+01
1.055718475073313817e-01 7.637903638164746933e-01 1.486684639926546581e+01
1.231671554252199430e-01 7.582699838483542010e-01 1.447831767747484477e+01
1.407624633431084904e-01 7.519420893088941682e-01 1.405411328701356943e+01
1.583577712609970656e-01 7.448255360327190600e-01 1.360203129996811633e+01
1.759530791788856408e-01 7.369419889615747010e-01 1.312960773530338798e+01
1.935483870967741882e-01 7.283158155448425930e-01 1.264388740346903184e+01
2.111436950146627634e-01 7.189739062907151146e-01 1.215125770666380234e+01
2.287390029325513108e-01 7.089454370591938837e-01 1.165734478231470561e+01
2.463343108504398860e-01 6.982615948754637980e-01 1.116696617851352435e+01
2.639296187683284334e-01 6.869552928510027634e-01 1.068413086033021742e+01
2.815249266862169808e-01 6.750608997332513406e-01 1.021207571710397666e+01
2.991202346041055837e-01 6.626140057796057192e-01 9.753327589532716502e+00
3.167155425219941312e-01 6.496512397607832057e-01 9.309780760504558828e+00
3.343108504398826786e-01 6.362101430840116922e-01 8.882781436790143204e+00
3.519061583577712815e-01 6.223290976845795575e-01 8.473212622732679833e+00
3.695014662756598289e-01 6.080472958955516205e-01 8.081574670671377802e+00
3.870967741935483764e-01 5.934047342135309044e-01 7.708058498131308056e+00
4.046920821114369238e-01 5.784422096087125098e-01 7.352609884406565932e+00
4.222873900293255267e-01 5.632012971655647737e-01 7.014984359851508700e+00
4.398826979472141296e-01 5.477242912385381635e-01 6.694792986193779605e+00
4.574780058651026216e-01 5.320540983217798559e-01 6.391539829632232994e+00
4.750733137829911690e-01 5.162340774407699895e-01 6.104652198937485785e+00
4.926686217008797719e-01 5.003078318466390728e-01 5.833504811531116552e+00
5.102639296187683193e-01 4.843189628956080517e-01 5.577439013340214302e+00
5.278592375366568668e-01 4.683108021829497369e-01 5.335778059419808983e+00
5.454545454545454142e-01 4.523261405802990742e-01 5.107839300643274072e+00
5.630498533724339616e-01 4.364069725482742079e-01 4.892943947420942408e+00
5.806451612903226200e-01 4.205942711745035423e-01 4.690424916160790048e+00
5.982404692082111675e-01 4.049278044292914935e-01 4.499633121904257571e+00
6.158357771260997149e-01 3.894459970220373046e-01 4.319942468366980926e+00
6.334310850439882623e-01 3.741858359826615854e-01 4.150753706192918280e+00
6.510263929618768097e-01 3.591828126370111285e-01 3.991497279332873127e+00
6.686217008797653572e-01 3.444708897541869930e-01 3.841635253241712178e+00
6.862170087976539046e-01 3.300824807819319751e-01 3.700662410835931393e+00
7.038123167155425630e-01 3.160484283732511446e-01 3.568106606265461611e+00
7.214076246334311104e-01 3.023979716248068605e-01 3.443528476312582409e+00
7.390029325513196579e-01 2.891586950980342685e-01 3.326520619352180130e+00
7.565982404692082053e-01 2.763564570983393920e-01 3.216706358282096723e+00
7.741935483870967527e-01 2.640152991069912858e-01 3.113738204115970021e+00
7.917888563049854111e-01 2.521573420155270306e-01 3.017296129944933014e+00
8.093841642228738475e-01 2.408026773902374462e-01 2.927085750988787094e+00
8.269794721407623950e-01 2.299692631142755128e-01 2.842836486828606013e+00
8.445747800586510534e-01 2.196728323954654505e-01 2.764299758761536552e+00
8.621700879765396008e-01 2.099268235031304386e-01 2.691247251047272471e+00
8.797653958944282593e-01 2.007423350977134424e-01 2.623469242153572800e+00
8.973607038123166957e-01 1.921281091243503547e-01 2.560772993197590441e+00
9.149560117302052431e-01 1.840905404381435184e-01 2.502981167348458325e+00
9.325513196480939015e-01 1.766337100173637209e-01 2.449930247077622969e+00
9.501466275659823379e-01 1.697594370680332032e-01 2.401468916174001933e+00
9.677419354838709964e-01 1.634673446359292126e-01 2.357456380030366283e+00
9.853372434017595438e-01 1.577549334724599739e-01 2.317760609843559916e+00
1.002932551319648091e+00 1.526176596803135999e-01 2.282256512468379128e+00
1.020527859237536639e+00 1.480490128521338988e-01 2.250824045682470853e+00
1.038123167155425186e+00 1.440405927515863160e-01 2.223346316229021014e+00
1.055718475073313734e+00 1.405821838433164439e-01 2.199707712818320449e+00
1.073313782991202281e+00 1.376618279952208923e-01 2.179792136129640845e+00
1.090909090909090828e+00 1.352658963750547338e-01 2.163481391156765188e+00
1.108504398826979376e+00 1.333791619455798882e-01 2.150653803237439377e+00
1.126099706744867923e+00 1.319848740900571027e-01 2.141183108111685218e+00
1.143695014662756693e+00 1.310648368645356276e-01 2.134937649757255418e+00
1.161290322580645240e+00 1.305994922637970235e-01 2.131779899811307999e+00
1.178885630498533788e+00 1.305680097632199166e-01 2.131566291817202252e+00
1.196480938416422335e+00 1.309483832732851738e-01 2.134147344959205217e+00
1.214076246334310660e+00 1.317175364869467291e-01 2.139368037404158596e+00
1.231671554252199430e+00 1.328514373519540381e-01 2.147068379960855200e+00
1.249266862170087977e+00 1.343252219944666148e-01 2.157084136582175571e+00
1.266862170087976525e+00 1.361133278138450253e-01 2.169247638518380761e+00
1.284457478005865072e+00 1.381896346656547869e-01 2.183388642448788275e+00
1.302052785923753619e+00 1.405276121161868896e-01 2.199335188380202144e+00
1.319648093841642389e+00 1.431004698123296559e-01 2.216914419502304501e+00
1.337243401759530714e+00 1.458813072324350035e-01 2.235953333016289069e+00
1.354838709677419262e+00 1.488432586436551353e-01 2.256279438171588492e+00
1.372434017595307809e+00 1.519596291369968433e-01 2.277721305650552530e+00
1.390029325513196357e+00 1.552040182240168598e-01 2.300109001391788865e+00
1.407624633431085126e+00 1.585504286447106115e-01 2.323274408089160303e+00
1.425219941348973673e+00 1.619733596358509109e-01 2.347051448678151964e+00
1.442815249266862221e+00 1.654478857289047311e-01 2.371276237344174032e+00
1.460410557184750768e+00 1.689497239088316172e-01 2.395787193716916619e+00
1.478005865102639316e+00 1.724552933732958759e-01 2.420425163429333004e+00
1.495601173020527863e+00 1.759417729237089667e-01 2.445033591594296229e+00
1.513196480938416411e+00 1.793871610166022090e-01 2.469458793783664952e+00
1.530791788856304958e+00 1.827703426486722571e-01 2.493550361201824384e+00
1.548387096774193505e+00 1.860711656235876643e-01 2.517161723192789857e+00
1.565982404692082053e+00 1.892705265703524820e-01 2.540150872209709032e+00
1.583577712609970822e+00 1.923504646749573388e-01 2.562381235978009819e+00
1.601173020527859370e+00 1.952942588310265515e-01 2.583722661499165074e+00
1.618768328445747695e+00 1.980865221896668527e-01 2.604052458710320650e+00
1.636363636363636243e+00 2.007132872050141348e-01 2.623256440735233674e+00
1.653958944281524790e+00 2.031620744166621473e-01 2.641229894690944047e+00
1.671554252199413559e+00 2.054219394079656313e-01 2.657878422760266535e+00
1.689149560117302107e+00 2.074834944809686998e-01 2.673118607120657853e+00
1.706744868035190654e+00 2.093389042908336273e-01 2.686878472376129423e+00
1.724340175953079202e+00 2.109818575738994506e-01 2.699097742305655245e+00
1.741935483870967749e+00 2.124075197322838060e-01 2.709727910347681235e+00
1.759530791788856519e+00 2.136124729873669914e-01 2.718732161643197198e+00
1.777126099706744844e+00 2.145946517719961311e-01 2.726085195692904861e+00
1.794721407624633391e+00 2.153532808404163557e-01 2.731773000992438138e+00
1.812316715542521939e+00 2.158888222607421303e-01 2.735792626166403174e+00
1.829912023460410486e+00 2.162029352192781917e-01 2.738151977473599175e+00
1.847507331378299256e+00 2.162984497555383301e-01 2.738869652787698339e+00
1.865102639296187803e+00 2.161793525971137664e-01 2.737974800827947419e+00
1.882697947214076351e+00 2.158507806313694211e-01 2.735506975339645930e+00
1.900293255131964676e+00 2.153190156430335178e-01 2.731515940523079777e+00
1.917888563049853445e+00 2.145914730562326622e-01 2.726061378715159300e+00
1.935483870967741993e+00 2.136766776805564261e-01 2.719212455174187859e+00
1.953079178885630762e+00 2.125842208271825629e-01 2.711047207265758097e+00
1.970674486803519088e+00 2.113246954151361545e-01 2.701651744394996779e+00
1.988269794721407413e+00 2.099096084753414582e-01 2.691119267575095897e+00
2.005865102639296182e+00 2.083512733495513913e-01 2.679548939919678130e+00
2.023460410557184730e+00 2.066626864335499303e-01 2.667044658048853822e+00
2.041055718475073277e+00 2.048573951531076909e-01 2.653713786550670140e+00
2.058651026392961825e+00 2.029493647317790195e-01 2.639665921528725256e+00
2.076246334310850372e+00 2.009528511128173545e-01 2.625011744543031433e+00
2.093841642228738920e+00 1.988822861992644020e-01 2.609862015901723620e+00
2.111436950146627467e+00 1.967521795894399406e-01 2.594326738362845219e+00
2.129032258064516014e+00 1.945770385293215388e-01 2.578514501624557198e+00
2.146627565982404562e+00 1.923713052517671551e-01 2.562531997505435921e+00
2.164222873900293109e+00 1.901493085937228655e-01 2.546483678193569133e+00
2.181818181818181657e+00 1.879252250876270181e-01 2.530471517514429003e+00
2.199413489736070648e+00 1.857130438238614178e-01 2.514594829109349838e+00
2.217008797653958752e+00 1.835265293650842622e-01 2.498950096037271251e+00
2.234604105571847743e+00 1.813791778185964154e-01 2.483630772989013469e+00
2.252199413489735846e+00 1.792841626805814492e-01 2.468727033641273216e+00
2.269794721407624394e+00 1.772542690098025120e-01 2.454325449768884226e+00
2.287390029325513385e+00 1.753018165748340129e-01 2.440508603462527848e+00
2.304985337243401489e+00 1.734385745529501699e-01 2.427354647150635536e+00
2.322580645161290480e+00 1.716756718858559183e-01 2.414936836453771996e+00
2.340175953079178583e+00 1.700235083365775057e-01 2.403323067117780987e+00
2.357771260997067575e+00 1.684916715548892829e-01 2.392575448930985615e+00
2.375366568914956122e+00 1.670888650535742592e-01 2.382749946808651931e+00
2.392961876832844670e+00 1.658228510177424397e-01 2.373896112827628357e+00
2.410557184750733217e+00 1.647004104710388661e-01 2.366056923986731508e+00
2.428152492668621321e+00 1.637273216991177172e-01 2.359268730116712121e+00
2.445747800586510312e+00 1.629083561847725070e-01 2.353561305954202876e+00
2.463343108504398860e+00 1.622472898283474907e-01 2.348957992097608471e+00
2.480938416422287407e+00 1.617469260665303221e-01 2.345475902334710483e+00
2.498533724340175954e+00 1.614091267728008927e-01 2.343126170348388548e+00
2.516129032258064502e+00 1.612348465832013078e-01 2.341914207432562733e+00
2.533724340175953049e+00 1.612241665494845155e-01 2.341839944633815840e+00
2.551319648093841597e+00 1.613763237359419622e-01 2.342898037416893064e+00
2.568914956011730144e+00 1.616897344599987352e-01 2.345078018000974041e+00
2.586510263929618691e+00 1.621620102080115478e-01 2.348364389168997146e+00
2.604105571847507239e+00 1.627899666894100372e-01 2.352736662690859681e+00
2.621700879765395786e+00 1.635696278655602576e-01 2.358169354519463301e+00
2.639296187683284778e+00 1.644962279484396828e-01 2.364631956621663811e+00
2.656891495601172881e+00 1.655642151702393927e-01 2.372088910803743289e+00
2.674486803519061429e+00 1.667672614729230618e-01 2.380499612489450190e+00
2.692082111436949976e+00 1.680982820960641444e-01 2.389818471687944701e+00
2.709677419354838523e+00 1.695494683464386088e-01 2.399995054267845873e+00
2.727272727272727515e+00 1.711123356681683305e-01 2.410974319423358825e+00
2.744868035190615618e+00 1.727777876119642453e-01 2.422696959552584239e+00
2.762463343108504610e+00 1.745361945930462011e-01 2.435099837686789837e+00
2.780058651026392713e+00 1.763774846349220882e-01 2.448116506405076720e+00
2.797653958944281705e+00 1.782912418418977629e-01 2.461677782278703486e+00
2.815249266862170252e+00 1.802668073366264778e-01 2.475712342725315818e+00
2.832844574780058355e+00 1.822933770071300530e-01 2.490147308904424150e+00
2.850439882697947347e+00 1.843600907254349108e-01 2.504908779715640854e+00
2.868035190615835450e+00 1.864561087281781937e-01 2.519922288241755570e+00
2.885630498533724442e+00 1.885706724860256867e-01 2.535113162592580682e+00
2.903225806451612989e+00 1.906931494347685330e-01 2.550406786851009855e+00
2.920821114369501537e+00 1.928130631242782611e-01 2.565728772929274371e+00
2.938416422287390084e+00 1.949201123538806812e-01 2.581005068497512323e+00
2.956011730205278631e+00 1.970041844046463708e-01 2.596162037585630245e+00
2.973607038123167179e+00 1.990553683065482971e-01 2.611126557102163126e+00
2.991202346041055726e+00 2.010639740417585197e-01 2.625826173062604685e+00
3.008797653958944274e+00 2.030205626564257071e-01 2.640189354298423829e+00
3.026392961876832821e+00 2.049159905340504073e-01 2.654145869291815618e+00
3.043988269794721369e+00 2.067414687971448062e-01 2.667627294955217554e+00
3.061583577712609916e+00 2.084886362659213177e-01 2.680567646840308349e+00
3.079178885630498907e+00 2.101496419796739790e-01 2.692904101127525873e+00
3.096774193548387011e+00 2.117172313421412932e-01 2.704577762656554363e+00
3.114369501466275558e+00 2.131848287934886843e-01 2.715534422762646560e+00
3.131964809384164106e+00 2.145466097388783466e-01 2.725725247618816738e+00
3.149560117302052653e+00 2.157975553345008735e-01 2.735107342928373875e+00
3.167155425219941645e+00 2.169334855471998502e-01 2.743644153702208044e+00
3.184750733137829748e+00 2.179510684163419310e-01 2.751305676787076937e+00
3.202346041055718739e+00 2.188478062968269300e-01 2.758068486072848380e+00
3.219941348973606843e+00 2.196220026320099272e-01 2.763915592587153913e+00
3.237536656891495390e+00 2.202727150830266767e-01 2.768836180604433927e+00
3.255131964809384382e+00 2.207997022856497960e-01 2.772825273556221326e+00
3.272727272727272485e+00 2.212033719005638277e-01 2.775883387994680263e+00
3.290322580645161477e+00 2.214847369074945116e-01 2.778016229465349429e+00
3.307917888563049580e+00 2.216453853729393741e-01 2.779234471597436862e+00
3.325513196480938571e+00 2.216874664485778690e-01 2.779553640986823115e+00
3.343108504398827119e+00 2.216136924957705368e-01 2.778994108436275479e+00
3.360703812316715666e+00 2.214273544003265981e-01 2.777581165231024940e+00
3.378299120234604214e+00 2.211323447550099242e-01 2.775345144734891356e+00
3.395894428152492317e+00 2.207331819939075956e-01 2.772321537518589452e+00
3.413489736070381309e+00 2.202350279950858747e-01 2.768551044325854082e+00
3.431085043988269856e+00 2.196436922071511311e-01 2.764079516032238004e+00
3.448680351906158403e+00 2.189656169191686319e-01 2.758957742592717199e+00
3.466275659824046951e+00 2.182078406487804045e-01 2.753241071822983166e+00
3.483870967741935498e+00 2.173779394214522820e-01 2.746988860828023959e+00
3.501466275659824046e+00 2.164839485446477529e-01 2.740263784665508240e+00
3.519061583577713037e+00 2.155342699357966074e-01 2.733131045194661990e+00
3.536656891495601140e+00 2.145375717973146690e-01 2.725657535400798359e+00
3.554252199413489688e+00 2.135026882141423943e-01 2.717911019169333642e+00
3.571847507331378235e+00 2.124385259917099811e-01 2.709959383062590543e+00
3.589442815249266783e+00 2.113539848185258530e-01 2.701870005868242330e+00
3.607038123167155774e+00 2.102578948263915670e-01 2.693709275287992533e+00
3.624633431085043878e+00 2.091589731326934654e-01 2.685542261568417466e+00
3.642228739002932869e+00 2.080657983379199105e-01 2.677432537904077758e+00
3.659824046920820972e+00 2.069867995767445956e-01 2.669442119752094111e+00
3.677419354838709520e+00 2.059302548974138725e-01 2.661631482039613417e+00
3.695014662756598511e+00 2.049042927023037863e-01 2.654059606172223251e+00
3.712609970674486615e+00 2.039168898408425246e-01 2.646784008443541225e+00
3.730205278592375606e+00 2.029758606987148717e-01 2.639860707666334516e+00
3.747800586510263710e+00 2.020888331489780199e-01 2.633344101509471180e+00
3.765395894428152701e+00 2.012632092966182007e-01 2.627286736378621868e+00
3.782991202346041248e+00 2.005061112675709523e-01 2.621738972559882530e+00
3.800586510263929352e+00 1.998243145514443930e-01 2.616748562489388252e+00
3.818181818181817899e+00 1.992241733085562405e-01 2.612360173356378379e+00
3.835777126099706891e+00 1.987115433583271640e-01 2.608614894187979871e+00
3.853372434017595438e+00 1.982917091263960985e-01 2.605549771140132975e+00
3.870967741935483986e+00 1.979693205909524856e-01 2.603197412679136846e+00
3.888563049853372089e+00 1.977483452857182189e-01 2.601585699130694262e+00
3.906158357771261525e+00 1.976320388272505835e-01 2.600737619733691997e+00
3.923753665689149628e+00 1.976229354450695364e-01 2.600671246334933073e+00
3.941348973607038175e+00 1.977228578520737468e-01 2.601399837913853208e+00
3.958944281524926723e+00 1.979329437589336937e-01 2.602932056003359307e+00
3.976539589442814826e+00 1.982536846520119023e-01 2.605272259417310110e+00
3.994134897360704262e+00 1.986849713197467449e-01 2.608420838858903412e+00
4.011730205278592365e+00 1.992261401633699525e-01 2.612374548892239190e+00
4.029325513196480912e+00 1.998760146208439781e-01 2.617126796807666800e+00
4.046920821114369460e+00 2.006329370368602205e-01 2.622667854910907703e+00
4.064516129032258007e+00 2.014947879092205130e-01 2.628984973945447390e+00
4.082111436950146555e+00 2.024589914405524604e-01 2.636062389433294406e+00
4.099706744868035102e+00 2.035225084779481441e-01 2.643881228027569197e+00
4.117302052785923649e+00 2.046818199608772260e-01 2.652419335657793642e+00
4.134897360703812197e+00 2.059329056571813088e-01 2.661651061489793246e+00
4.152492668621700744e+00 2.072712240268365091e-01 2.671547039939343726e+00
4.170087976539589292e+00 2.086916993624791661e-01 2.682074016042437670e+00
4.187683284457477839e+00 2.101887218533667889e-01 2.693194756854030647e+00
4.205278592375366387e+00 2.117561649452081585e-01 2.704868083356521069e+00
4.222873900293254934e+00 2.133874224608578174e-01 2.717049044429041604e+00
4.240469208211143481e+00 2.150754656308861978e-01 2.729689238199897172e+00
4.258064516129032029e+00 2.168129177462805035e-01 2.742737268512116966e+00
4.275659824046920576e+00 2.185921419049568770e-01 2.756139307495292012e+00
4.293255131964809124e+00 2.204053355874459608e-01 2.769839721611739858e+00
4.310850439882698559e+00 2.222446248213269249e-01 2.783781710023633504e+00
4.328445747800586219e+00 2.241021506448642731e-01 2.797907902147799053e+00
4.346041055718474766e+00 2.259701415034741367e-01 2.812160866452535046e+00
4.363636363636363313e+00 2.278409670187694358e-01 2.826483494559959286e+00
4.381231671554251861e+00 2.297071710388568777e-01 2.840819242196448879e+00
4.398826979472141296e+00 2.315614846856257902e-01 2.855112229258385259e+00
4.416422287390028956e+00 2.333968228729668692e-01 2.869307222401666024e+00
4.434017595307917503e+00 2.352062700862215805e-01 2.883349542087800810e+00
4.451612903225806051e+00 2.369830627455919436e-01 2.897184949124745668e+00
4.469208211143695486e+00 2.387205759858930243e-01 2.910759571288276781e+00
4.486803519061584034e+00 2.404123220731113342e-01 2.924019927463420210e+00
4.504398826979471693e+00 2.420519660033776110e-01 2.936913094976862038e+00
4.521994134897360240e+00 2.436333613037602597e-01 2.949387046720744809e+00
4.539589442815248788e+00 2.451506060148066490e-01 2.961391160727675498e+00
4.557184750733138223e+00 2.465981157029805138e-01 2.972876879297363661e+00
4.574780058651026771e+00 2.479707075733149912e-01 2.983798471235632910e+00
4.592375366568914430e+00 2.492636877379290350e-01 2.994113832764617289e+00
4.609970674486802977e+00 2.504729327556840524e-01 3.003785253061464378e+00
4.627565982404692413e+00 2.515949568557767635e-01 3.012780070915704211e+00
4.645161290322580960e+00 2.526269577798684329e-01 3.021071159937603223e+00
4.662756598240469508e+00 2.535668367280772828e-01 3.028637199796305080e+00
4.680351906158357167e+00 2.544131911215459785e-01 3.035462717373006658e+00
4.697947214076245714e+00 2.551652823390873071e-01 3.041537910683512091e+00
4.715542521994135150e+00 2.558229837499235715e-01 3.046858295686073692e+00
4.733137829912023697e+00 2.563867167886608178e-01 3.051424237579931198e+00
4.750733137829912245e+00 2.568573841488391296e-01 3.055240440697623239e+00
4.768328445747799904e+00 2.572363092142326280e-01 3.058315472737416663e+00
4.785923753665689340e+00 2.575251895958325377e-01 3.060661389639141916e+00
4.803519061583577887e+00 2.577260702768052192e-01 3.062293508300115263e+00
4.821114369501466435e+00 2.578413387259468892e-01 3.063230348404066383e+00
4.838709677419354982e+00 2.578737408698935085e-01 3.063493735732195411e+00
4.856304985337242641e+00 2.578264135087769415e-01 3.063109031701038099e+00
4.873900293255132077e+00 2.577029260891436913e-01 3.062105431591767069e+00
4.891495601173020624e+00 2.575073230920180700e-01 3.060516260275796707e+00
4.909090909090909172e+00 2.572441578896046965e-01 3.058379191209630754e+00
4.926686217008797719e+00 2.569185098295012071e-01 3.055736322504686964e+00
4.944281524926685378e+00 2.565359783905761248e-01 3.052634061769813556e+00
4.961876832844574814e+00 2.561026512200229588e-01 3.049122796508680011e+00
4.979472140762463361e+00 2.556250462809828150e-01 3.045256355417850891e+00
4.997067448680351909e+00 2.551100317264730633e-01 3.041091293792098860e+00
5.014662756598240456e+00 2.545647299909532535e-01 3.036686059401744853e+00
5.032258064516129004e+00 2.539964145588575195e-01 3.032100110443727292e+00
5.049853372434017551e+00 2.534124086700862977e-01 3.027393062505522536e+00
5.067448680351906098e+00 2.528199947654146129e-01 3.022623936411880319e+00
5.085043988269794646e+00 2.522263418467380891e-01 3.017850564318520945e+00
5.102639296187683193e+00 2.516384553725865558e-01 3.013129189702854926e+00
5.120234604105571741e+00 2.510631511917715830e-01 3.008514271094825610e+00
5.137829912023460288e+00 2.505070517670979768e-01 3.004058473035090326e+00
5.155425219941348836e+00 2.499765999940307404e-01 2.999812804332523619e+00
5.173020527859237383e+00 2.494780836643340771e-01 2.995826846213863082e+00
5.190615835777126819e+00 2.490176623520069243e-01 2.992149003554405606e+00
5.208211143695014478e+00 2.486013883643143907e-01 2.988826712087416126e+00
5.225806451612903025e+00 2.482352144075375133e-01 2.985906543140677272e+00
5.243401759530791573e+00 2.479249826166915749e-01 2.983434163706780495e+00
5.260997067448680120e+00 2.476763923119310595e-01 2.981454131218697068e+00
5.278592375366569556e+00 2.474949469013834336e-01 2.980009526330573699e+00
5.296187683284457215e+00 2.473858833402410862e-01 2.979141450115436296e+00
5.313782991202345762e+00 2.473540900853081759e-01 2.978888431405090742e+00
5.331378299120234310e+00 2.474040212270117167e-01 2.979285803106852981e+00
5.348973607038122857e+00 2.475396152215671997e-01 2.980365111704657899e+00
5.366568914956012293e+00 2.477642263017746649e-01 2.982153621268821553e+00
5.384164222873899952e+00 2.480805752726998326e-01 2.984673962674756265e+00
5.401759530791788499e+00 2.484907241816610435e-01 2.987943961794393033e+00
5.419354838709677047e+00 2.489960765747916971e-01 2.991976659315295439e+00
5.436950146627566482e+00 2.495974020643259572e-01 2.996780512151517861e+00
5.454545454545455030e+00 2.502948811044555244e-01 3.002359744884892212e+00
5.472140762463342689e+00 2.510881635629553799e-01 3.008714801930361560e+00
5.489736070381231237e+00 2.519764331742277985e-01 3.015842839350355131e+00
5.507331378299119784e+00 2.529584694648839838e-01 3.023738190981404284e+00
5.524926686217009220e+00 2.540326993307250869e-01 3.032392747442663961e+00
5.542521994134897767e+00 2.551972320540881745e-01 3.041796198356181424e+00
5.560117302052785426e+00 2.564498739900755719e-01 3.051936106420412020e+00
5.577712609970673974e+00 2.577881221146626212e-01 3.062797804680639668e+00
5.595307917888563409e+00 2.592091387369973021e-01 3.074364132650350356e+00
5.612903225806451957e+00 2.607097125258170389e-01 3.086615049797367227e+00
5.630498533724340504e+00 2.622862132057110496e-01 3.099527183365073935e+00
5.648093841642228163e+00 2.639345485400941826e-01 3.113073379087525350e+00
5.665689149560116711e+00 2.656501323490079169e-01 3.127222326417364417e+00
5.683284457478006146e+00 2.674278712692476634e-01 3.141938323782468512e+00
5.700879765395894694e+00 2.692621758605811544e-01 3.157181234609737430e+00
5.718475073313783241e+00 2.711469987439801832e-01 3.172906662990090165e+00
5.736070381231670900e+00 2.730758990877507619e-01 3.189066351448886394e+00
5.753665689149560336e+00 2.750421293684927049e-01 3.205608775570869096e+00
5.771260997067448884e+00 2.770387373780166529e-01 3.222479884791058513e+00
5.788856304985337431e+00 2.790586743379299128e-01 3.239623919003820518e+00
5.806451612903225978e+00 2.810948990368404843e-01 3.256984219706880346e+00
5.824046920821113638e+00 2.831404682916196514e-01 3.274503954128416883e+00
5.841642228739003073e+00 2.851886057455523815e-01 3.292126681756754270e+00
5.859237536656891621e+00 2.872327438574223679e-01 3.309796713918285338e+00
5.876832844574780168e+00 2.892665375425679253e-01 3.327459246003880544e+00
5.894428152492668715e+00 2.912838518144312272e-01 3.345060274848085768e+00
5.912023460410557263e+00 2.932787294022345392e-01 3.362546346070297787e+00
5.929618768328445810e+00 2.952453471698395782e-01 3.379864203230464437e+00
5.947214076246334358e+00 2.971779718139633819e-01 3.396960428337621796e+00
5.964809384164222905e+00 2.990709255190797111e-01 3.413781168670970700e+00
5.982404692082111453e+00 3.009185709340096992e-01 3.430272036771003563e+00
6.000000000000000000e+00 3.027153221644430792e-01 3.446378249448688535e+00
6.017595307917888547e+00 3.044556847923053367e-01 3.462045040215428138e+00
6.035190615835777095e+00 3.061343237317696309e-01 3.477218341710732741e+00
6.052785923753665642e+00 3.077461535914930435e-01 3.491845695638417624e+00
6.070381231671554190e+00 3.092864427188579124e-01 3.505877312975567595e+00
6.087976539589442737e+00 3.107509197648135046e-01 3.519267181990398452e+00
6.105571847507331285e+00 3.121358707875658278e-01 3.531974109950661411e+00
6.123167155425219832e+00 3.134382157617910947e-01 3.543962588547061809e+00
6.140762463343108379e+00 3.146555557916433932e-01 3.555203392942216656e+00
6.158357771260997815e+00 3.157861860215656069e-01 3.565673857532950297e+00
6.175953079178885474e+00 3.168290736881841374e-01 3.575357813415087627e+00
6.193548387096774022e+00 3.177838053296543341e-01 3.584245217131094119e+00
6.211143695014662569e+00 3.186505112107688720e-01 3.592331540992312444e+00
6.228739002932551116e+00 3.194297779505324564e-01 3.599617026025068611e+00
6.246334310850440552e+00 3.201225617310838878e-01 3.606105914778359178e+00
6.263929618768328211e+00 3.207301141204568218e-01 3.611805780398566590e+00
6.281524926686216759e+00 3.212539305032106607e-01 3.616727050603802507e+00
6.299120234604105306e+00 3.216957276671076338e-01 3.620882793037359271e+00
6.316715542521994742e+00 3.220574527228896033e-01 3.624288786601367995e+00
6.334310850439883289e+00 3.223413208487651560e-01 3.626963857827832260e+00
6.351906158357770948e+00 3.225498750064884623e-01 3.628930418728794294e+00
6.369501466275659496e+00 3.226860573829578582e-01 3.630215109089660608e+00
6.387096774193548043e+00 3.227532803501590442e-01 3.630849426742233543e+00
6.404692082111437479e+00 3.227554844902476017e-01 3.630870226888981644e+00
6.422287390029326026e+00 3.226971727435250514e-01 3.630319986485747830e+00
6.439882697947213686e+00 3.225834127972900256e-01 3.629246759898575814e+00
6.457478005865102233e+00 3.224198040131409648e-01 3.627703793134522847e+00
6.475073313782990780e+00 3.222124098981126172e-01 3.625748809899034697e+00
6.492668621700880216e+00 3.219676616963876858e-01 3.623443026875682094e+00
6.510263929618768763e+00 3.216922424727131080e-01 3.620849991638270371e+00
6.527859237536656423e+00 3.213929635531985740e-01 3.618034359484864737e+00
6.545454545454544970e+00 3.210766460522164745e-01 3.615060732245896968e+00
6.563049853372434406e+00 3.207500193466982230e-01 3.611992672151350892e+00
6.580645161290322953e+00 3.204196459026250610e-01 3.608891978884171348e+00
6.598240469208211501e+00 3.200918781671482916e-01 3.605818281722435792e+00
6.615835777126099160e+00 3.197728488267400082e-01 3.602828956291400431e+00
6.633431085043987707e+00 3.194684911979476793e-01 3.599979332676703780e+00
6.651026392961877143e+00 3.191845824705298318e-01 3.597323124148671170e+00
6.668621700879765690e+00 3.189267995005140577e-01 3.594912978363694833e+00
6.686217008797654238e+00 3.187007752504310565e-01 3.592801039081608749e+00
6.703812316715541897e+00 3.185121440025929784e-01 3.591039407792044447e+00
6.721407624633431332e+00 3.183665651171955768e-01 3.589680410784887865e+00
6.739002932551319880e+00 3.182697181412807996e-01 3.588776605783754459e+00
6.756598240469208427e+00 3.182272660815192999e-01 3.588380499310820149e+00
6.774193548387096975e+00 3.182447880880973079e-01 3.588543986414638454e+00
6.791788856304984634e+00 3.183276870601802200e-01 3.589317562854435817e+00
6.809384164222874070e+00 3.184810812063745278e-01 3.590749391261076617e+00
6.826979472140762617e+00 3.187096909146943102e-01 3.592884323212262476e+00
6.844574780058651164e+00 3.190177331104054326e-01 3.595762986129876992e+00
6.862170087976539712e+00 3.194088345126743778e-01 3.599421036779873795e+00
6.879765395894428259e+00 3.198859729547225972e-01 3.603888663051441732e+00
6.897360703812316807e+00 3.204514525059981023e-01 3.609190385284220426e+00
6.914956011730205354e+00 3.211069139723553012e-01 3.615345171546038294e+00
6.932551319648093902e+00 3.218533779834267805e-01 3.622366842489147754e+00
6.950146627565982449e+00 3.226913138619200150e-01 3.630264705478670084e+00
6.967741935483870996e+00 3.236207243225225905e-01 3.639044329025296065e+00
6.985337243401759544e+00 3.246412341795997247e-01 3.648708350790156985e+00
7.002932551319648091e+00 3.257521709081405148e-01 3.659257207952018920e+00
7.020527859237536639e+00 3.269526261636863107e-01 3.670689688350452062e+00
7.038123167155426074e+00 3.282414900803613533e-01 3.683003223622451916e+00
7.055718475073313734e+00 3.296174539937294368e-01 3.696193878912267028e+00
7.073313782991202281e+00 3.310789816849432632e-01 3.710256033604960813e+00
7.090909090909090828e+00 3.326242537317902759e-01 3.725181788927928839e+00
7.108504398826979376e+00 3.342510934841801395e-01 3.740960175891388850e+00
7.126099706744868811e+00 3.359568860272590940e-01 3.757576266003444854e+00
7.143695014662756471e+00 3.377385028630389141e-01 3.775010303621746832e+00
7.161290322580645018e+00 3.395922447303315606e-01 3.793236980340751963e+00
7.178885630498533565e+00 3.415138130075707767e-01 3.812224957912142553e+00
7.196480938416422113e+00 3.434983167347763766e-01 3.831936718204831838e+00
7.214076246334311548e+00 3.455403178685055310e-01 3.852328779738672271e+00
7.231671554252199208e+00 3.476339125066153501e-01 3.873352274949072527e+00
7.249266862170087755e+00 3.497728411210499488e-01 3.894953836132835967e+00
7.266862170087976303e+00 3.519506169464696743e-01 3.917076696966505178e+00
7.284457478005865738e+00 3.541606591353291811e-01 3.939661886248731815e+00
7.302052785923754286e+00 3.563964164895467301e-01 3.962649375700869836e+00
7.319648093841641945e+00 3.586514686769173843e-01 3.985979047084868832e+00
7.337243401759530492e+00 3.609195947413417205e-01 4.009591366031319382e+00
7.354838709677419040e+00 3.631948030695952845e-01 4.033427688680371048e+00
7.372434017595308475e+00 3.654713222156936725e-01 4.057430177881108158e+00
7.390029325513197023e+00 3.677435573983113826e-01 4.081541361675695256e+00
7.407624633431084682e+00 3.700060223251471214e-01 4.105703420423831851e+00
7.425219941348973229e+00 3.722532595744325046e-01 4.129857332521805091e+00
7.442815249266862665e+00 3.744797645565608457e-01 4.153942035686532641e+00
7.460410557184751212e+00 3.766799278072874291e-01 4.177893766755208738e+00
7.478005865102639760e+00 3.788480080284472029e-01 4.201645726214364274e+00
7.495601173020527419e+00 3.809781441773331112e-01 4.225128175624127458e+00
7.513196480938415966e+00 3.830644095446757991e-01 4.248269021140672841e+00
7.530791788856305402e+00 3.851009048681028335e-01 4.270994871393603454e+00
7.548387096774193061e+00 3.870818819071899508e-01 4.293232491707121845e+00
7.565982404692082497e+00 3.890018843456233277e-01 4.314910518378825444e+00
7.583577712609971044e+00 3.908558900485836762e-01 4.335961255151004501e+00
7.601173020527858704e+00 3.926394380299322306e-01 4.356322355906724120e+00
7.618768328445748139e+00 3.943487251203994792e-01 4.375938206686265097e+00
7.636363636363635798e+00 3.959806610934083482e-01 4.394760856146975314e+00
7.653958944281525234e+00 3.975328764059469222e-01 4.412750402265454674e+00
7.671554252199413781e+00 3.990036830057451800e-01 4.429874816424694828e+00
7.689149560117301441e+00 4.003919949582206983e-01 4.446109263526508038e+00
7.706744868035190876e+00 4.016972210601088000e-01 4.461435046982380470e+00
7.724340175953080312e+00 4.029191453552304347e-01 4.475838359806644462e+00
7.741935483870967971e+00 4.040578130108373744e-01 4.489309049562681508e+00
7.759530791788856519e+00 4.051134381221665470e-01 4.501839601379307609e+00
7.777126099706744178e+00 4.060863468018682809e-01 4.513424509843012800e+00
7.794721407624633613e+00 4.069769638174996484e-01 4.524060151820202158e+00
7.812316715542523049e+00 4.077858447624486127e-01 4.533745196385372545e+00
7.829912023460410708e+00 4.085137491476200089e-01 4.542481505774520478e+00
7.847507331378299256e+00 4.091617437966878490e-01 4.550275404450169425e+00
7.865102639296186915e+00 4.097313213571474044e-01 4.557139133180227120e+00
7.882697947214076351e+00 4.102245162541499068e-01 4.563092270535398676e+00
7.900293255131965786e+00 4.106440003824695650e-01 4.568162900869944920e+00
7.917888563049853445e+00 4.109931432813530572e-01 4.572388336641886042e+00
7.935483870967741993e+00 4.112760261420665975e-01 4.575815260029160392e+00
7.953079178885629652e+00 4.114974051222634599e-01 4.578499226070406714e+00
7.970674486803519088e+00 4.116626262258820668e-01 4.580503555744719790e+00
7.988269794721408523e+00 4.117775004972114017e-01 4.581897729901782235e+00
8.005865102639296182e+00 4.118481535622663392e-01 4.582755461800359420e+00
8.023460410557184730e+00 4.118808668972229192e-01 4.583152667756674958e+00
8.041055718475073277e+00 4.118819291598175836e-01 4.583165566453020645e+00
8.058651026392961825e+00 4.118575143722053578e-01 4.582869116777351870e+00
8.076246334310850372e+00 4.118135999246086976e-01 4.582335955095918401e+00
8.093841642228738920e+00 4.117559318154830339e-01 4.581635922831095442e+00
8.111436950146627467e+00 4.116900380186334640e-01 4.580836193976447923e+00
8.129032258064516014e+00 4.116212842554737295e-01 4.580001930825487122e+00
8.146627565982404562e+00 4.115549606413354544e-01 4.579197325602646806e+00
8.164222873900293109e+00 4.114963834495850015e-01 4.578486835186240000e+00
8.181818181818181657e+00 4.114509941655144498e-01 4.577936392283418421e+00
8.199413489736070204e+00 4.114244383660594639e-01 4.577614382266707693e+00
8.217008797653960528e+00 4.114226097141470695e-01 4.577592209405557888e+00
8.234604105571847299e+00 4.114516491247120489e-01 4.577944334518846858e+00
8.252199413489735846e+00 4.115178952917666333e-01 4.578747739981401388e+00
8.269794721407624394e+00 4.116277894230772061e-01 4.580080857301590314e+00
8.287390029325512941e+00 4.117877433029739076e-01 4.582022066322950948e+00
8.304985337243401489e+00 4.120039848458033060e-01 4.584647933633555716e+00
8.322580645161290036e+00 4.122823984421543630e-01 4.588031393481899478e+00
8.340175953079178583e+00 4.126283782320500637e-01 4.592240083145860297e+00
8.357771260997067131e+00 4.130467108727915448e-01 4.597335025700798994e+00
8.375366568914955678e+00 4.135415006277740058e-01 4.603369809405526425e+00
8.392961876832846002e+00 4.141161441886438976e-01 4.610390350351313060e+00
8.410557184750732773e+00 4.147733562658992845e-01 4.618435251577276190e+00
8.428152492668621321e+00 4.155152404693127632e-01 4.627536696663661075e+00
8.445747800586509868e+00 4.163433941921229064e-01 4.637721748116401699e+00
8.463343108504398415e+00 4.172590318687474098e-01 4.649013869035327318e+00
8.480938416422286963e+00 4.182631086716190882e-01 4.661434457203609050e+00
8.498533724340175510e+00 4.193564267703365767e-01 4.675004177846678211e+00
8.516129032258064058e+00 4.205397087129573164e-01 4.689743905689986114e+00
8.533724340175954381e+00 4.218136270078153283e-01 4.705675135968061973e+00
8.551319648093841153e+00 4.231787850047730726e-01 4.722819791834245606e+00
8.568914956011731476e+00 4.246356509067746310e-01 4.741199433744142766e+00
8.586510263929618247e+00 4.261844532915312622e-01 4.760833954908670229e+00
8.604105571847506795e+00 4.278250520124151635e-01 4.781739915745030878e+00
8.621700879765397119e+00 4.295568020385556740e-01 4.803928720499302862e+00
8.639296187683283890e+00 4.313784291847763686e-01 4.827404864306718224e+00
8.656891495601172437e+00 4.332879355716023895e-01 4.852164475441013813e+00
8.674486803519060985e+00 4.352825491672635549e-01 4.878194345386669184e+00
8.692082111436949532e+00 4.373587263267577629e-01 4.905471582056445179e+00
8.709677419354839856e+00 4.395122095401480800e-01 4.933963945409518992e+00
8.727272727272726627e+00 4.417381354870416610e-01 4.963630838726258432e+00
8.744868035190616951e+00 4.440311818909372099e-01 4.994424843232185829e+00
8.762463343108503722e+00 4.463857364579509879e-01 5.026293609498234893e+00
8.780058651026392269e+00 4.487960680963977711e-01 5.059181866213848799e+00
8.797653958944282593e+00 4.512564801159675287e-01 5.093033283607937278e+00
8.815249266862169364e+00 4.537614273340014326e-01 5.127791939725105053e+00
8.832844574780057911e+00 4.563055837384126234e-01 5.163403183361855220e+00
8.850439882697948235e+00 4.588838539860027321e-01 5.199813763356154084e+00
8.868035190615835006e+00 4.614913296814298627e-01 5.236971191197854480e+00
8.885630498533725330e+00 4.641231990494781301e-01 5.274822410184794919e+00
8.903225806451612101e+00 4.667746252233209159e-01 5.313311945336279152e+00
8.920821114369502425e+00 4.694406129961149476e-01 5.352379789903628726e+00
8.938416422287390972e+00 4.721158858557538140e-01 5.391959334649730984e+00
8.956011730205277743e+00 4.747947941324076049e-01 5.431975657015489567e+00
8.973607038123168067e+00 4.774712712213700638e-01 5.472344455699079013e+00
8.991202346041054838e+00 4.801388485771750925e-01 5.512971844416166611e+00
9.008797653958943386e+00 4.827907323109802418e-01 5.553755114353623235e+00
9.026392961876833709e+00 4.854199357981933693e-01 5.594584450485098337e+00
9.043988269794720480e+00 4.880194548507943431e-01 5.635345458285227593e+00
9.061583577712610804e+00 4.905824658193208565e-01 5.675922241988482497e+00
9.079178885630497575e+00 4.931025233590941581e-01 5.716200690384588334e+00
9.096774193548387899e+00 4.955737340957117598e-01 5.756071585238859534e+00
9.114369501466276446e+00 4.979908852063323343e-01 5.795433159356582209e+00
9.131964809384163217e+00 5.003495126846300156e-01 5.834192797348877413e+00
9.149560117302053541e+00 5.026459020317929349e-01 5.872267685372738910e+00
9.167155425219940312e+00 5.048770232281750703e-01 5.909584361878075676e+00
9.184750733137828860e+00 5.070404108188885095e-01 5.946077279284009975e+00
9.202346041055719184e+00 5.091340075215495808e-01 5.981686633406996911e+00
9.219941348973605955e+00 5.111559948530206565e-01 6.016355831175000723e+00
9.237536656891496278e+00 5.131046361389812738e-01 6.050029029935911851e+00
9.255131964809384826e+00 5.149781556281157746e-01 6.082649182897179152e+00
9.272727272727273373e+00 5.167746724819627380e-01 6.114156963076179174e+00
9.290322580645161921e+00 5.184922008067042176e-01 6.144490819766672551e+00
9.307917888563048692e+00 5.201287176556204095e-01 6.173588262242465596e+00
9.325513196480939015e+00 5.216822913125752637e-01 6.201388286745305400e+00
9.343108504398827563e+00 5.231512534879511067e-01 6.227834689795537670e+00
9.360703812316714334e+00 5.245343925321533929e-01 6.252879868829893439e+00
9.378299120234604658e+00 5.258311413385658994e-01 6.276488622109545723e+00
9.395894428152491429e+00 5.270417337961355031e-01 6.298641438940430604e+00
9.413489736070381753e+00 5.281673074911876764e-01 6.319336824084486715e+00
9.431085043988270300e+00 5.292099373582712651e-01 6.338592321239947758e+00
9.448680351906158847e+00 5.301725941886803462e-01 6.356444073203411982e+00
9.466275659824047395e+00 5.310590320401042952e-01 6.372944955787242627e+00
9.483870967741934166e+00 5.318736182259528045e-01 6.388161519137486977e+00
9.501466275659824490e+00 5.326211273399955592e-01 6.402170134426767412e+00
9.519061583577713037e+00 5.333065256016813471e-01 6.415052851729497796e+00
9.536656891495599808e+00 5.339347730219924371e-01 6.426893510776899632e+00
9.554252199413490132e+00 5.345106683311051654e-01 6.437774605685349094e+00
9.571847507331378679e+00 5.350387556397132593e-01 6.447775294169908022e+00
9.589442815249267227e+00 5.355233032469923771e-01 6.456970777329698485e+00
9.607038123167155774e+00 5.359683550242974048e-01 6.465433081009612337e+00
9.624633431085044322e+00 5.363778447443722230e-01 6.473233070964031555e+00
9.642228739002932869e+00 5.367557549531798422e-01 6.480443358875580984e+00
9.659824046920821417e+00 5.371062956910773734e-01 6.487141628861507137e+00
9.677419354838709964e+00 5.374340754345852122e-01 6.493413852306122891e+00
9.695014662756598511e+00 5.377442374746629339e-01 6.499356871698330096e+00
9.712609970674485282e+00 5.380425394825412155e-01 6.505079920227307966e+00
9.730205278592375606e+00 5.383353616361985505e-01 6.510704791245745859e+00
9.747800586510264154e+00 5.386296383484204808e-01 6.516364559378788890e+00
9.765395894428152701e+00 5.389327190171063764e-01 6.522200956160157048e+00
9.782991202346041248e+00 5.392521728762599276e-01 6.528360689037628006e+00
9.800586510263929796e+00 5.395955606355671286e-01 6.534991137584573728e+00
9.818181818181818343e+00 5.399702001281794228e-01 6.542235945558505072e+00
9.835777126099706891e+00 5.403829540458688907e-01 6.550231041917689012e+00
9.853372434017595438e+00 5.408400649387714587e-01 6.559101567802469113e+00
9.870967741935483986e+00 5.413470564059740253e-01 6.568960068754597259e+00
9.888563049853370757e+00 5.419087106485724892e-01 6.579906148364872642e+00
9.906158357771261080e+00 5.425291224588262295e-01 6.592027592289472437e+00
9.923753665689149628e+00 5.432118196037556412e-01 6.605402783650864862e+00
9.941348973607038175e+00 5.439599307557878571e-01 6.620104065480054700e+00
9.958944281524926723e+00 5.447763757926192829e-01 6.636201583666923476e+00
9.976539589442815270e+00 5.456640502882919019e-01 6.653767080528591116e+00
9.994134897360703818e+00 5.466259767769552358e-01 6.672877113345553113e+00
1.001173020527859236e+01 5.476653998243002919e-01 6.693615244446454504e+00
1.002932551319648091e+01 5.487858095244791956e-01 6.716072881178126508e+00
1.004692082111436946e+01 5.499908877539209096e-01 6.740348618792848079e+00
1.006451612903225801e+01 5.512843820572194131e-01 6.766546134299131765e+00
1.008211143695014655e+01 5.526699219927768691e-01 6.794770869185094320e+00
1.009970674486803510e+01 5.541508007840598715e-01 6.825125898962092208e+00
1.011730205278592365e+01 5.557297501290596742e-01 6.857707497276171793e+00
1.013489736070381220e+01 5.574087373469165385e-01 6.892600948285722673e+00
1.015249266862170074e+01 5.591888115082989108e-01 6.929877137672303178e+00
1.017008797653958929e+01 5.610700191280048044e-01 6.969590362875208278e+00
1.018768328445747784e+01 5.630514011700232802e-01 7.011777657254135043e+00
1.020527859237536639e+01 5.651310726528055994e-01 7.056459737330150084e+00
1.022287390029325493e+01 5.673063753865895675e-01 7.103643477987724886e+00
1.024046920821114348e+01 5.695740847208903279e-01 7.153325621173769022e+00
1.025806451612903203e+01 5.719306439119707930e-01 7.205497253470220187e+00
1.027565982404692058e+01 5.743723958440621891e-01 7.260148469372604829e+00
1.029325513196480912e+01 5.768957819435330814e-01 7.317272587957042163e+00
1.031085043988269767e+01 5.794974822867994257e-01 7.376869321165560045e+00
1.032844574780058622e+01 5.821744786446337860e-01 7.438946402662292456e+00
1.034604105571847477e+01 5.849240325472976343e-01 7.503519366730207807e+00
1.036363636363636331e+01 5.877435820307879144e-01 7.570609396310739925e+00
1.038123167155425364e+01 5.906305719726842041e-01 7.640239409602965992e+00
1.039882697947214041e+01 5.935822423064011089e-01 7.712428793280959205e+00
1.041642228739002896e+01 5.965954046173963521e-01 7.787187385702572406e+00
1.043401759530791750e+01 5.996662397970583536e-01 7.864509438765971083e+00
1.045161290322580605e+01 6.027901472216805612e-01 7.944368323933807652e+00
1.046920821114369637e+01 6.059616695756040450e-01 8.026712688304032284e+00
1.048680351906158315e+01 6.091745077352714866e-01 8.111464613492691100e+00
1.050439882697947169e+01 6.124216283077220657e-01 8.198520097508977145e+00
1.052199413489736024e+01 6.156954540041932322e-01 8.287751891873011090e+00
1.053958944281524879e+01 6.189881156719599931e-01 8.379014415661030668e+00
1.055718475073313911e+01 6.222917360600246361e-01 8.472150173749717794e+00
1.057478005865102588e+01 6.255987105133602455e-01 8.566996869240838919e+00
1.059237536656891443e+01 6.289019495518756164e-01 8.663394257802886855e+00
1.060997067448680298e+01 6.321950528550717152e-01 8.761189773125636293e+00
1.062756598240469152e+01 6.354723930322647707e-01 8.860242071209922798e+00
1.064516129032258185e+01 6.387290995764287604e-01 8.960421890613375240e+00
1.066275659824046862e+01 6.419609469592023610e-01 9.061609979080255783e+00
1.068035190615835717e+01 6.451641640528851251e-01 9.163692249234651754e+00
1.069794721407624571e+01 6.483351931066624330e-01 9.266552740506551089e+00
1.071554252199413426e+01 6.514704337935124379e-01 9.370065321391731317e+00
1.073313782991202459e+01 6.545660103292055831e-01 9.474085311608039461e+00
1.075073313782991136e+01 6.576175969532150889e-01 9.578442297512749448e+00
1.076832844574779990e+01 6.606203294673368420e-01 9.682935335201952043e+00
1.078592375366569023e+01 6.635688190257412744e-01 9.787331484904004952e+00
1.080351906158357700e+01 6.664572704671152259e-01 9.891368221038451480e+00
1.082111436950146732e+01 6.692796930237678854e-01 9.994759759220627870e+00
1.083870967741935409e+01 6.720301781929041152e-01 1.009720679699230139e+01
1.085630498533724264e+01 6.747032097280017959e-01 1.019840865363947557e+01
1.087390029325513296e+01 6.772939655310434848e-01 1.029807639397942509e+01
1.089149560117301974e+01 6.797985715245515870e-01 1.039594530112800008e+01
1.090909090909091006e+01 6.822142734359574190e-01 1.049178507259770221e+01
1.092668621700879683e+01 6.845395031260699259e-01 1.058540636856038830e+01
1.094428152492668538e+01 6.867738302126892291e-01 1.067666281702935649e+01
1.096187683284457570e+01 6.889178053316479255e-01 1.076544821528657003e+01
1.097947214076246247e+01 6.909727162518943810e-01 1.085168936705778364e+01
1.099706744868035280e+01 6.929402901157786232e-01 1.093533565312986511e+01
1.101466275659823957e+01 6.948223826043330442e-01 1.101634694596607567e+01
1.103225806451612812e+01 6.966206967657140314e-01 1.109468176487347968e+01
1.104985337243401844e+01 6.983365703107516920e-01 1.117028758026497393e+01
1.106744868035190521e+01 6.999708608966509482e-01 1.124309490669308431e+01
1.108504398826979553e+01 7.015239455343422748e-01 1.131301630767623934e+01
1.110263929618768408e+01 7.029958345607237868e-01 1.137995073852572325e+01
1.112023460410557085e+01 7.043863847244790088e-01 1.144379287029743608e+01
1.113782991202346118e+01 7.056955819986646672e-01 1.150444627787993923e+01
1.115542521994134795e+01 7.069238546803637835e-01 1.156183874985332061e+01
1.117302052785923827e+01 7.080723726008735230e-01 1.161593758615954464e+01
1.119061583577712682e+01 7.091432895822538107e-01 1.166676266208068036e+01
1.120821114369501359e+01 7.101398935416269875e-01 1.171439528045791434e+01
1.122580645161290391e+01 7.110666409239480013e-01 1.175898138322449960e+01
1.124340175953079068e+01 7.119290677663477895e-01 1.180072847105152434e+01
1.126099706744868101e+01 7.127335864930385290e-01 1.183989646858238842e+01
1.127859237536656956e+01 7.134871931584414462e-01 1.187678363483653676e+01
1.129618768328445633e+01 7.141971221154094218e-01 1.191170932165047702e+01
1.131378299120234665e+01 7.148704922905819714e-01 1.194499582388508863e+01
1.133137829912023342e+01 7.155139904269004480e-01 1.197695168450371028e+01
1.134897360703812375e+01 7.161336316715019024e-01 1.200785860687863504e+01
1.136656891495601229e+01 7.167346274453431088e-01 1.203796362379501161e+01
1.138416422287389906e+01 7.173213760468803990e-01 1.206747745214964240e+01
1.140175953079178939e+01 7.178975748513118926e-01 1.209657912259920387e+01
1.141935483870967616e+01 7.184664364741367715e-01 1.212542612404505604e+01
1.143695014662756648e+01 7.190309770706523329e-01 1.215416855330051860e+01
1.145454545454545503e+01 7.195943349578757253e-01 1.218296520898013213e+01
1.147214076246334180e+01 7.201600733568404022e-01 1.221199929178931143e+01
1.148973607038123212e+01 7.207324229169843610e-01 1.224149141391403361e+01
1.150733137829912067e+01 7.213164276144361509e-01 1.227170797873481689e+01
1.152492668621700922e+01 7.219179705828041582e-01 1.230296362301377577e+01
1.154252199413489777e+01 7.225436726910967611e-01 1.233561722937664307e+01
1.156011730205278454e+01 7.232006740006869938e-01 1.237006190038441389e+01
1.157771260997067486e+01 7.238963242284950361e-01 1.240671011028830506e+01
1.159530791788856341e+01 7.246378208225286999e-01 1.244597590215255423e+01
1.161290322580645196e+01 7.254318405304002182e-01 1.248825639224997275e+01
1.163049853372434050e+01 7.262842114525186465e-01 1.253391493714021365e+01
1.164809384164222728e+01 7.271996674026071084e-01 1.258326811085816566e+01
1.166568914956011760e+01 7.281817156604724062e-01 1.263657816608361273e+01
1.168328445747800615e+01 7.292326343198397565e-01 1.269405197706760724e+01
1.170087976539589469e+01 7.303535983509091833e-01 1.275584666378410503e+01
1.171847507331378324e+01 7.315449164332163967e-01 1.282208126593453557e+01
1.173607038123167001e+01 7.328063457998988950e-01 1.289285306499270156e+01
1.175366568914956034e+01 7.341374417418063958e-01 1.296825653278069446e+01
1.177126099706744888e+01 7.355378935100682636e-01 1.304840249608140823e+01
1.178885630498533743e+01 7.370077998729335222e-01 1.313343500792203855e+01
1.180645161290322598e+01 7.385478454249483349e-01 1.322354363484752326e+01
1.182404692082111453e+01 7.401593519440718971e-01 1.331896939199624796e+01
1.184164222873900307e+01 7.418441959148027731e-01 1.342000332618466452e+01
1.185923753665689162e+01 7.436046015194316405e-01 1.352697766513286659e+01
1.187683284457478017e+01 7.454428354688488190e-01 1.364025039800945827e+01
1.189442815249266872e+01 7.473608436684838763e-01 1.376018500404394729e+01
1.191202346041055726e+01 7.493598780384828073e-01 1.388712769293033311e+01
1.192961876832844581e+01 7.514401637034293646e-01 1.402138488445388020e+01
1.194721407624633436e+01 7.536006519729198105e-01 1.416320369386380307e+01
1.196480938416422291e+01 7.558388936636509792e-01 1.431275789940755594e+01
1.198240469208211145e+01 7.581510517601258714e-01 1.447014127639840986e+01
1.200000000000000000e+01 7.605320541666874545e-01 1.463536934179339433e+01
1.201759530791788855e+01 7.629758687180222543e-01 1.480838954102205740e+01
1.203519061583577709e+01 7.654758661196083835e-01 1.498909882294398876e+01
1.205278592375366564e+01 7.680252243033187654e-01 1.517736650752754102e+01
1.207038123167155419e+01 7.706173215278993016e-01 1.537305948609817463e+01
1.208797653958944274e+01 7.732460664013051099e-01 1.557606623759718900e+01
1.210557184750733128e+01 7.759061209048105923e-01 1.578631600673625890e+01
1.212316715542521983e+01 7.785929865311213005e-01 1.600378983550891121e+01
1.214076246334310838e+01 7.813029419974290013e-01 1.622852096592901461e+01
1.215835777126099693e+01 7.840328411907981909e-01 1.646058336111005360e+01
1.217595307917888547e+01 7.867797992748815084e-01 1.670006857783554821e+01
1.219354838709677402e+01 7.895408105606134264e-01 1.694705277515925701e+01
1.221114369501466257e+01 7.923123516355135010e-01 1.720155705514074285e+01
1.222873900293255289e+01 7.950900259675525161e-01 1.746350541563610292e+01
1.224633431085043966e+01 7.978683013348968345e-01 1.773268520310766050e+01
1.226392961876832821e+01 8.006403795786320998e-01 1.800871498904312773e+01
1.228152492668621676e+01 8.033982208468307684e-01 1.829102421462648564e+01
1.229912023460410531e+01 8.061327239315522197e-01 1.857884776844263541e+01
1.231671554252199563e+01 8.088340431810694398e-01 1.887123695606598517e+01
1.233431085043988240e+01 8.114920036092783118e-01 1.916708623442433179e+01
1.235190615835777095e+01 8.140965618138544801e-01 1.946517284400435344e+01
1.236950146627565950e+01 8.166382531777165443e-01 1.976420438024583959e+01
1.238709677419354804e+01 8.191085667225936895e-01 2.006286775185069260e+01
1.240469208211143837e+01 8.215001979854774650e-01 2.035987221882643894e+01
1.242228739002932514e+01 8.238071463295202346e-01 2.065397954145519677e+01
1.243988269794721369e+01 8.260246440672512902e-01 2.094401579422563842e+01
1.245747800586510223e+01 8.281489277895052181e-01 2.122886198422097692e+01
1.247507331378299078e+01 8.301768841385301911e-01 2.150742392554689175e+01
1.249266862170088110e+01 8.321056198535926596e-01 2.177858536166299430e+01
1.251026392961876788e+01 8.339320167659537431e-01 2.204115152679617040e+01
1.252785923753665642e+01 8.356523349908988596e-01 2.229379265787363806e+01
1.254545454545454497e+01 8.372619214742320626e-01 2.253499798934058163e+01
1.256304985337243352e+01 8.387550670931211982e-01 2.276305023721852550e+01
1.258064516129032384e+01 8.401250355336904452e-01 2.297602845857415588e+01
1.259824046920821061e+01 8.413642638148601804e-01 2.317184362206857884e+01
1.261583577712609916e+01 8.424647107135486701e-01 2.334830662666876933e+01
1.263343108504398948e+01 8.434183086619005953e-01 2.350322345488067555e+01
1.265102639296187625e+01 8.442174598042863076e-01 2.363450742024540219e+01
1.266862170087976658e+01 8.448555099775389987e-01 2.374029493014381487e+01
1.268621700879765335e+01 8.453271365356350708e-01 2.381904962706735418e+01
1.270381231671554190e+01 8.456285970536748797e-01 2.386964071148497979e+01
1.272140762463343222e+01 8.457578046030271857e-01 2.389138474194163209e+01
1.273900293255131899e+01 8.457142189493481732e-01 2.388404575340048552e+01
1.275659824046920932e+01 8.454985683712938904e-01 2.384779514029552061e+01
1.277419354838709609e+01 8.451124402341592123e-01 2.378313914731889511e+01
1.279178885630498463e+01 8.445577966506919720e-01 2.369082676138974719e+01
1.280938416422287496e+01 8.438364819607470091e-01 2.357175339341520370e+01
1.282697947214076173e+01 8.429497899333170396e-01 2.342687558604052711e+01
1.284457478005865205e+01 8.418981504149706252e-01 2.325714924444234910e+01
1.286217008797653882e+01 8.406809787783470211e-01 2.306349917806654659e+01
1.287976539589442737e+01 8.392967092110054095e-01 2.284682196190429337e+01
1.289736070381231769e+01 8.377430076503690204e-01 2.260801827747359738e+01
1.291495601173020447e+01 8.360171354166517910e-01 2.234804592348637442e+01
1.293255131964809479e+01 8.341164136757149850e-01 2.206798136723033110e+01
1.295014662756598156e+01 8.320387246626014255e-01 2.176907654280562454e+01
1.296774193548387011e+01 8.297829801353721058e-01 2.145279874507657425e+01
1.298533724340176043e+01 8.273494916684892564e-01 2.112084467939831356e+01
1.300293255131964720e+01 8.247401906632702007e-01 2.077512439225028018e+01
1.302052785923753753e+01 8.219586665638700662e-01 2.041771603994769180e+01
1.303812316715542607e+01 8.190100168430395344e-01 2.005079727338057793e+01
1.305571847507331285e+01 8.159005283069370451e-01 1.967656257306946443e+01
1.307331378299120317e+01 8.126372324675060765e-01 1.929713761779099457e+01
1.309090909090908994e+01 8.092273948754420410e-01 1.891450157415833644e+01
1.310850439882698026e+01 8.056780070430743512e-01 1.853042630326847018e+01
1.312609970674486881e+01 8.019953487971956951e-01 1.814643841660975099e+01
1.314369501466275558e+01 7.981846788230680945e-01 1.776380651612284112e+01
1.316129032258064591e+01 7.942500932918622469e-01 1.738355243265000993e+01
1.317888563049853268e+01 7.901945693139976745e-01 1.700648231656662901e+01
1.319648093841642300e+01 7.860201846910880308e-01 1.663323135135130570e+01
1.321407624633431155e+01 7.817284814481570976e-01 1.626431480877158364e+01
1.323167155425219832e+01 7.773209211292478882e-01 1.590017815602960027e+01
1.324926686217008864e+01 7.727993674629737297e-01 1.554123985732514157e+01
1.326686217008797541e+01 7.681665284503088609e-01 1.518792218551071294e+01
1.328445747800586574e+01 7.634262957155052431e-01 1.484066749848041233e+01
1.330205278592375429e+01 7.585839333232368142e-01 1.449993971695910489e+01
1.331964809384164106e+01 7.536460892099637876e-01 1.416621283709538304e+01
1.333724340175953138e+01 7.486206269530261137e-01 1.383994993916854099e+01
1.335483870967741993e+01 7.435163003237721391e-01 1.352157712116079580e+01
1.337243401759530848e+01 7.383423144542970995e-01 1.321145702237296859e+01
1.339002932551319702e+01 7.331078325327702316e-01 1.290986616031704770e+01
1.340762463343108379e+01 7.278214937335238943e-01 1.261697933484117051e+01
1.342521994134897412e+01 7.224910058090137088e-01 1.233286306396078658e+01
1.344281524926686266e+01 7.171228649238203801e-01 1.205747862406854232e+01
1.346041055718475121e+01 7.117222375380710675e-01 1.179069396505097878e+01
1.347800586510263976e+01 7.062930169581639328e-01 1.153230270383639500e+01
1.349560117302052653e+01 7.008380435793706287e-01 1.128204766099001688e+01
1.351319648093841685e+01 6.953594559813200959e-01 1.103964603882070605e+01
1.353079178885630540e+01 6.898591227712390639e-01 1.080481334929607584e+01
1.354838709677419395e+01 6.843390946679501763e-01 1.057728355416833566e+01
1.356598240469208250e+01 6.788020141493469328e-01 1.035682351473661811e+01
1.358357771260996927e+01 6.732514263323752246e-01 1.014324067413566510e+01
1.360117302052785959e+01 6.676919487384737062e-01 9.936383799889986435e+00
1.361876832844574814e+01 6.621292772729047149e-01 9.736137479667164030e+00
1.363636363636363669e+01 6.565700283511652913e-01 9.542411777986112398e+00
1.365395894428152523e+01 6.510214394652401593e-01 9.355128941190448799e+00
1.367155425219941201e+01 6.454909694849614299e-01 9.174209236335913786e+00
1.368914956011730233e+01 6.399858530576486570e-01 8.999557925152309679e+00
1.370674486803519088e+01 6.345126689284916743e-01 8.831055045648563251e+00
1.372434017595307942e+01 6.290769792915974490e-01 8.668549168903595614e+00
1.374193548387096797e+01 6.236830869686351697e-01 8.511855698929400305e+00
1.375953079178885652e+01 6.183339408587518182e-01 8.360759671024878159e+00
1.377712609970674507e+01 6.130311999995720074e-01 8.215022450412929444e+00
1.379472140762463361e+01 6.077754454192410005e-01 8.074391294050565548e+00
1.381231671554252216e+01 6.025665095046947028e-01 7.938610452557609776e+00
1.382991202346041071e+01 5.974038773662481150e-01 7.807432376769321003e+00
1.384750733137829926e+01 5.922871056004606061e-01 7.680627657486875925e+00
1.386510263929618780e+01 5.872162021124890385e-01 7.557992552931944275e+00
1.388269794721407635e+01 5.821919164748932118e-01 7.439353314213624557e+00
1.390029325513196490e+01 5.772159028784097368e-01 7.324566957376980270e+00
1.391788856304985345e+01 5.722907353433973610e-01 7.213518593358856812e+00
1.393548387096774199e+01 5.674197750666983842e-01 7.106115853520281966e+00
1.395307917888563054e+01 5.626069097697774524e-01 7.002281283741556450e+00
1.397067448680351909e+01 5.578562019378906500e-01 6.901943784721527031e+00
1.398826979472140764e+01 5.531714946091377261e-01 6.805030231156639964e+00
1.400586510263929618e+01 5.485560283942908510e-01 6.711458311188033932e+00
1.402346041055718473e+01 5.440121211628489162e-01 6.621131412519847714e+00
1.404105571847507328e+01 5.395409528012744538e-01 6.533936079321945201e+00
1.405865102639296182e+01 5.351424829831713526e-01 6.449742217384748955e+00
1.407624633431085215e+01 5.308155119911548425e-01 6.368405877651096780e+00
1.409384164222873892e+01 5.265578756615728606e-01 6.289774139682905663e+00
1.411143695014662747e+01 5.223667479322157137e-01 6.213691379408201598e+00
1.412903225806451601e+01 5.182390105042291584e-01 6.140006063413485649e+00
1.414662756598240456e+01 5.141716405694551906e-01 6.068577178589057652e+00
1.416422287390029311e+01 5.101620655194988307e-01 5.999279482994814394e+00
1.418181818181818166e+01 5.062084383245003538e-01 5.932006940591272759e+00
1.419941348973607020e+01 5.023097982285849028e-01 5.866673955697577547e+00
1.421700879765395875e+01 4.984660970795951607e-01 5.803214318937756744e+00
1.423460410557184730e+01 4.946780898453496667e-01 5.741578075096682277e+00
1.425219941348973762e+01 4.909471061482836851e-01 5.681726784579929301e+00
1.426979472140762439e+01 4.872747354593248703e-01 5.623627840075254625e+00
1.428739002932551294e+01 4.836624697982696008e-01 5.567248596051161513e+00
1.430498533724340149e+01 4.801113529483787001e-01 5.512551062757464315e+00
1.432258064516129004e+01 4.766216837378960403e-01 5.459487814729420130e+00
1.434017595307917858e+01 4.731928132070598592e-01 5.407999584735168952e+00
1.435777126099706713e+01 4.698230626133964583e-01 5.358014784078402037e+00
1.437536656891495568e+01 4.665097729933535553e-01 5.309450939498113087e+00
1.439296187683284423e+01 4.632494795303076507e-01 5.262217796162050654e+00
1.441055718475073277e+01 4.600381875242125496e-01 5.216221633339619856e+00
1.442815249266862310e+01 4.568717134220815490e-01 5.171370197326213614e+00
1.444574780058650987e+01 4.537460458737249680e-01 5.127577591298483561e+00
1.446334310850439842e+01 4.506576792557155375e-01 5.084768481630248971e+00
1.448093841642228874e+01 4.476038759330000505e-01 5.042881082283298788e+00
1.449853372434017551e+01 4.445828232338991381e-01 5.001868550001930203e+00
1.451612903225806406e+01 4.415936654143456375e-01 4.961698640241404057e+00
1.453372434017595261e+01 4.386364078270348354e-01 4.922351707148248323e+00
1.455131964809384115e+01 4.357117077452457576e-01 4.883817348120349955e+00
1.456891495601173148e+01 4.328205814312240940e-01 4.846090164843291248e+00
1.458651026392961825e+01 4.299640680193908548e-01 4.809165216047389002e+00
1.460410557184750857e+01 4.271428961657389722e-01 4.773033761066688641e+00
1.462170087976539534e+01 4.243571985694213344e-01 4.737679837803114857e+00
1.463929618768328389e+01 4.216063126360906077e-01 4.703078094723911917e+00
1.465689149560117421e+01 4.188886937402082067e-01 4.669193122881023505e+00
1.467448680351906098e+01 4.162019523770533747e-01 4.635980334297712169e+00
1.469208211143694953e+01 4.135430099738530152e-01 4.603388232767846588e+00
1.470967741935483808e+01 4.109083523885228018e-01 4.571361746563782802e+00
1.472727272727272663e+01 4.082943471885880915e-01 4.539846160932442309e+00
1.474486803519061695e+01 4.056975823593562125e-01 4.508791117589786346e+00
1.476246334310850372e+01 4.031151812789132149e-01 4.478154147665099671e+00
1.478005865102639405e+01 4.005450520435577810e-01 4.447903274084450409e+00
1.479765395894428082e+01 3.979860381488501964e-01 4.418018350274575567e+00
1.481524926686216936e+01 3.954379509485428379e-01 4.388490976567343438e+00
1.483284457478005969e+01 3.929014803872407091e-01 4.359323029419436502e+00
1.485043988269794646e+01 3.903779969922673287e-01 4.330524024166349406e+00
1.486803519061583501e+01 3.878692727127009965e-01 4.302107683570459251e+00
1.488563049853372533e+01 3.853771589001807052e-01 4.274088181640617989e+00
1.490322580645161210e+01 3.829032651192774139e-01 4.246476563506046631e+00
1.492082111436950242e+01 3.804486819191199021e-01 4.219277805863369757e+00
1.493841642228738920e+01 3.780137843873638825e-01 4.192488886329055475e+00
1.495601173020527952e+01 3.755981421923116903e-01 4.166098088885232364e+00
1.497360703812316807e+01 3.732005474366543729e-01 4.140085606140096353e+00
1.499120234604105484e+01 3.708191559028900519e-01 4.114425328925097602e+00
1.500879765395894339e+01 3.684517222040101792e-01 4.089087560959665524e+00
1.502639296187683193e+01 3.660958969069649793e-01 4.064042279633413912e+00
1.504398826979472048e+01 3.637495454917767934e-01 4.039262497754219972e+00
1.506158357771261080e+01 3.614110461544350894e-01 4.014727273865310586e+00
1.507917888563049935e+01 3.590795263837625595e-01 3.990423971581849916e+00
1.509677419354838612e+01 3.567550065990349184e-01 3.966349474491386307e+00
1.511436950146627467e+01 3.544384318166458603e-01 3.942510208013545459e+00
1.513196480938416499e+01 3.521315875759717384e-01 3.918920982891739069e+00
1.514956011730205354e+01 3.498369120610181904e-01 3.895602833526368158e+00
1.516715542521994209e+01 3.475572303050087353e-01 3.872580155906597543e+00
1.518475073313782886e+01 3.452954466374527631e-01 3.849877536754443330e+00
1.520234604105571741e+01 3.430542367707776208e-01 3.827516697157330672e+00
1.521994134897360595e+01 3.408357805163317877e-01 3.805513948304507288e+00
1.523753665689149628e+01 3.386415702488240753e-01 3.783878479779506865e+00
1.525513196480938483e+01 3.364723198030989959e-01 3.762611684379419064e+00
1.527272727272727160e+01 3.343279849384451219e-01 3.741707583932941894e+00
1.529032258064516014e+01 3.322078916386137504e-01 3.721154276215209222e+00
1.530791788856305047e+01 3.301109542479809811e-01 3.700936191745059833e+00
1.532551319648093902e+01 3.280359536016281274e-01 3.681036847005082269e+00
1.534310850439882756e+01 3.259818374196469803e-01 3.661441719977275966e+00
1.536070381231671433e+01 3.239480023571068568e-01 3.642140862522802003e+00
1.537829912023460288e+01 3.219345196538336284e-01 3.623130903690605198e+00
1.539589442815249143e+01 3.199422740162511380e-01 3.604416183464359769e+00
1.541348973607038175e+01 3.179729971716577230e-01 3.586008876218862884e+00
1.543108504398827030e+01 3.160291918444293469e-01 3.567928100602945296e+00
1.544868035190616062e+01 3.141139567181326364e-01 3.550198148358341133e+00
1.546627565982404562e+01 3.122307361997362918e-01 3.532846079791795990e+00
1.548387096774193594e+01 3.103830286741479649e-01 3.515899012775570487e+00
1.550146627565982449e+01 3.085740921359372835e-01 3.499381465602372288e+00
1.551906158357771304e+01 3.068066860095446380e-01 3.483313099003355173e+00
1.553665689149560336e+01 3.050828827584967651e-01 3.467707143113729185e+00
1.555425219941348836e+01 3.034039733431739272e-01 3.452569700566818778e+00
1.557184750733137690e+01 3.017704780385811469e-01 3.437900000361671093e+00
1.558944281524926723e+01 3.001822602128089712e-01 3.423691553640731744e+00
1.560703812316715577e+01 2.986387271642881869e-01 3.409934047180635641e+00
1.562463343108504610e+01 2.971390907229183309e-01 3.396615717120617273e+00
1.564222873900293109e+01 2.956826524888030994e-01 3.383725885579843329e+00
1.565982404692082142e+01 2.942690753476346899e-01 3.371257323959206964e+00
1.567741935483870996e+01 2.928986047357001188e-01 3.359208131644490170e+00
1.569501466275659851e+01 2.915722098444273325e-01 3.347582884695099903e+00
1.571260997067448884e+01 2.902916256933290029e-01 3.336392907405843822e+00
1.573020527859237383e+01 2.890592903170219885e-01 3.325655637086820882e+00
1.574780058651026238e+01 2.878781853725956297e-01 3.315393172787850062e+00
1.576539589442815270e+01 2.867516013354566295e-01 3.305630205401284272e+00
1.578299120234604125e+01 2.856828583619310247e-01 3.296391605278400139e+00
1.580058651026393157e+01 2.846750195584376586e-01 3.287699984326818203e+00
1.581818181818181657e+01 2.837306341394057463e-01 3.279573548332530564e+00
1.583577712609970689e+01 2.828515437910412711e-01 3.272024513575233051e+00
1.585337243401759544e+01 2.820387771290929213e-01 3.265058286284664657e+00
1.587096774193548399e+01 2.812925455894994542e-01 3.258673504353023276e+00
1.588856304985337431e+01 2.806123409026450299e-01 3.252862930399071928e+00
1.590615835777125930e+01 2.799971211146634609e-01 3.247615076990549188e+00
1.592375366568914785e+01 2.794455605662747311e-01 3.242916351439653955e+00
1.594134897360703818e+01 2.789563307781078860e-01 3.238753440446306531e+00
1.595894428152492672e+01 2.785283749430946254e-01 3.235115622686679071e+00
1.597653958944281705e+01 2.781611393224335260e-01 3.231996705082379684e+00
1.599413489736070204e+01 2.778547303025199477e-01 3.229396325905743215e+00
1.601173020527859236e+01 2.776099755571685979e-01 3.227320449668986235e+00
1.602932551319647914e+01 2.774283804194335734e-01 3.225780984436215082e+00
1.604692082111436946e+01 2.773119844960239555e-01 3.224794567601420692e+00
1.606451612903225978e+01 2.772631368493001514e-01 3.224380675532113383e+00
1.608211143695014655e+01 2.772842189171567107e-01 3.224559300988770971e+00
1.609970674486803333e+01 2.773773512976074329e-01 3.225348498339195569e+00
1.611730205278592365e+01 2.775441227191682292e-01 3.226762113574008328e+00
1.613489736070381397e+01 2.777853767289613640e-01 3.228807992635765789e+00
1.615249266862170074e+01 2.781010842777349445e-01 3.231486901315999472e+00
1.617008797653959107e+01 2.784903194232178913e-01 3.234792300753532857e+00
1.618768328445747784e+01 2.789513421713095132e-01 3.238711015131135351e+00
1.620527859237536461e+01 2.794817786351196376e-01 3.243224715050072593e+00
1.622287390029325493e+01 2.800788759103319259e-01 3.248312034539138971e+00
1.624046920821114526e+01 2.807397989593884979e-01 3.253951054639238283e+00
1.625806451612903203e+01 2.814619307325494924e-01 3.260121833306552031e+00
1.627565982404691880e+01 2.822431356539538139e-01 3.266808648158887607e+00
1.629325513196480912e+01 2.830819507862176732e-01 3.274001648911105455e+00
1.631085043988269945e+01 2.839776780633951891e-01 3.281697687964877819e+00
1.632844574780058622e+01 2.849303638412543083e-01 3.289900202218591474e+00
1.634604105571847654e+01 2.859406669589980021e-01 3.298618143182298734e+00
1.636363636363636331e+01 2.870096314970788653e-01 3.307864079078124853e+00
1.638123167155425008e+01 2.881383933855032331e-01 3.317651704370944366e+00
1.639882697947214041e+01 2.893278591932828547e-01 3.327993073913849020e+00
1.641642228739003073e+01 2.905783995880711346e-01 3.338895919852712613e+00
1.643401759530792106e+01 2.918895985651621672e-01 3.350361404535260768e+00
1.645161290322580427e+01 2.932600927950679837e-01 3.362382612669015725e+00
1.646920821114369460e+01 2.946875241719680849e-01 3.374943996893887910e+00
1.648680351906158492e+01 2.961686142287175971e-01 3.388021873033305376e+00
1.650439882697947169e+01 2.976993532604316206e-01 3.401585928013463267e+00
1.652199413489736202e+01 2.992752817155671652e-01 3.415601570356960437e+00
1.653958944281524879e+01 3.008918286337172177e-01 3.430032836722399558e+00
1.655718475073313556e+01 3.025446633994103851e-01 3.444845484003817404e+00
1.657478005865102588e+01 3.042300141632968691e-01 3.460009858122549353e+00
1.659237536656891621e+01 3.059449096066802487e-01 3.475503145958265261e+00
1.660997067448680298e+01 3.076873100948002149e-01 3.491310686927632911e+00
1.662756598240468975e+01 3.094561085829997671e-01 3.507426138415406403e+00
1.664516129032258007e+01 3.112509990246301039e-01 3.523850439712828297e+00
1.666275659824047040e+01 3.130722280798417523e-01 3.540589681746034945e+00
1.668035190615835717e+01 3.149202621016229942e-01 3.557652141759362507e+00
1.669794721407624749e+01 3.167954134090271157e-01 3.575044861823754694e+00
1.671554252199413426e+01 3.186974760817914976e-01 3.592770220940586068e+00
1.673313782991202103e+01 3.206254210824558415e-01 3.610822962983343043e+00
1.675073313782991136e+01 3.225771934721331502e-01 3.629188094840125611e+00
1.676832844574780168e+01 3.245496417070008466e-01 3.647839966308946025e+00
1.678592375366569200e+01 3.265385920450217250e-01 3.666742697203145607e+00
1.680351906158357522e+01 3.285390620304694531e-01 3.685851944416171033e+00
1.682111436950146555e+01 3.305455882349923602e-01 3.705117822711983422e+00
1.683870967741935587e+01 3.325526273699752067e-01 3.724488630264272349e+00
1.685630498533724264e+01 3.345549787946309195e-01 3.743914906006831522e+00
1.687390029325513296e+01 3.365481720669160626e-01 3.763353280375013821e+00
1.689149560117301974e+01 3.385287664435812083e-01 3.782769587414134271e+00
1.690909090909090651e+01 3.404945200038827502e-01 3.802140788336486388e+00
1.692668621700879683e+01 3.424444030885693269e-01 3.821455406681601552e+00
1.694428152492668715e+01 3.443784517402972423e-01 3.840712374087323688e+00
1.696187683284457393e+01 3.462974788523817127e-01 3.859918405357555482e+00
1.697947214076246425e+01 3.482026806273672004e-01 3.879084230034176795e+00
1.699706744868035102e+01 3.500951908749319608e-01 3.898220174601656485e+00
1.701466275659824134e+01 3.519756435519657556e-01 3.917331690905156982e+00
1.703225806451612812e+01 3.538438037013176274e-01 3.936415448309045217e+00
1.704985337243401844e+01 3.556983186251540530e-01 3.955456546543233642e+00
1.706744868035190876e+01 3.575366258091168259e-01 3.974427270420920255e+00
1.708504398826979198e+01 3.593550337189468369e-01 3.993287612757146388e+00
1.710263929618768231e+01 3.611489686591243253e-01 4.011987560779378015e+00
1.712023460410557263e+01 3.629133583069724112e-01 4.030470901940182316e+00
1.713782991202346295e+01 3.646431032761176527e-01 4.048680087934937610e+00
1.715542521994134972e+01 3.663335748192407260e-01 4.066561531418314779e+00
1.717302052785923649e+01 3.679810716205028087e-01 4.084070624872221167e+00
1.719061583577712682e+01 3.695831726262076566e-01 4.101175782965018612e+00
1.720821114369501359e+01 3.711389358202462074e-01 4.117860922934734269e+00
1.722580645161290391e+01 3.726489132061934773e-01 4.134126000416079805e+00
1.724340175953079424e+01 3.741149772411718200e-01 4.149985483518145557e+00
1.726099706744867746e+01 3.755399800160686974e-01 4.165464937124928824e+00
1.727859237536656778e+01 3.769272898237305269e-01 4.180596158934492657e+00
1.729618768328445810e+01 3.782802670560999614e-01 4.195411518554373664e+00
1.731378299120234487e+01 3.796017502211730399e-01 4.209938271002773291e+00
1.733137829912023520e+01 3.808936221262461119e-01 4.224193630429762258e+00
1.734897360703812197e+01 3.821565161203305805e-01 4.238181298130799135e+00
1.736656891495601229e+01 3.833897041136305472e-01 4.251889953857243221e+00
1.738416422287389906e+01 3.845911842383362145e-01 4.265293964520775916e+00
1.740175953079178939e+01 3.857579594827922342e-01 4.278356270671247685e+00
1.741935483870967971e+01 3.868864727669989456e-01 4.291033114443870922e+00
1.743695014662756293e+01 3.879731420971421207e-01 4.303280010950596868e+00
1.745454545454545325e+01 3.890149246619931667e-01 4.315058174897222543e+00
1.747214076246334358e+01 3.900098332848840332e-01 4.326340526002873332e+00
1.748973607038123390e+01 3.909573336464672866e-01 4.337116429375471149e+00
1.750733137829912067e+01 3.918585658183776910e-01 4.347394482232637358e+00
1.752492668621700744e+01 3.927163570307320439e-01 4.357202918469429420e+00
1.754252199413489777e+01 3.935350210228172330e-01 4.366587531263443900e+00
1.756011730205278454e+01 3.943199687222426753e-01 4.375607362123277611e+00
1.757771260997067486e+01 3.950771811071644435e-01 4.384328719727848878e+00
1.759530791788856519e+01 3.958126142100737432e-01 4.392818326953173980e+00
1.761290322580644840e+01 3.965316157205890923e-01 4.401136517194817799e+00
1.763049853372433873e+01 3.972384313874492423e-01 4.409331397351998305e+00
1.764809384164222905e+01 3.979358677521340759e-01 4.417434768829219927e+00
1.766568914956011582e+01 3.986251573260222170e-01 4.425460368936184885e+00
1.768328445747800615e+01 3.993060458146638902e-01 4.433404693203931934e+00
1.770087976539589647e+01 3.999770917171836526e-01 4.441250321120018718e+00
1.771847507331378324e+01 4.006361402272820560e-01 4.448971333930984429e+00
1.773607038123167001e+01 4.012809094561238799e-01 4.456540124654630119e+00
1.775366568914956034e+01 4.019096108189096350e-01 4.463934696071466313e+00
1.777126099706745066e+01 4.025215194053454182e-01 4.471145453929538327e+00
1.778885630498533743e+01 4.031174154949134225e-01 4.478180548677293871e+00
1.780645161290322420e+01 4.036998347366052564e-01 4.485069000074959789e+00
1.782404692082111453e+01 4.042730898838263753e-01 4.491861133917648630e+00
1.784164222873900485e+01 4.048430578931592194e-01 4.498626227775180730e+00
1.785923753665689162e+01 4.054167582528398484e-01 4.505447648586785370e+00
1.787683284457478194e+01 4.060017769911703489e-01 4.512416111294584198e+00
1.789442815249266872e+01 4.066056118997237734e-01 4.519621944339787589e+00
1.791202346041055549e+01 4.072350252674264981e-01 4.527147380802509780e+00
1.792961876832844581e+01 4.078954896156565257e-01 4.535059889771600794e+00
1.794721407624633613e+01 4.085907998948642983e-01 4.543407427127686304e+00
1.796480938416422291e+01 4.093229040933424878e-01 4.552216239842436174e+00
1.798240469208210968e+01 4.100919760039667961e-01 4.561491534888969746e+00
1.800000000000000000e+01 4.108967224613622737e-01 4.571220960608131989e+00
