0.000000000000000000e+00 1.410275729330361938e-01 2.202748626058915971e+00
1.759530791788856130e-02 1.410269598977257066e-01 2.202744439867386550e+00
3.519061583577712260e-02 1.410251475797381082e-01 2.202732064228554165e+00
5.278592375366569084e-02 1.410222139902704008e-01 2.202712031882099186e+00
7.038123167155424520e-02 1.410182815132281497e-01 2.202685178585470638e+00
8.797653958944282038e-02 1.410135061603546291e-01 2.202652569732421739e+00
1.055718475073313817e-01 1.410080638780565332e-01 2.202615406838508427e+00
1.231671554252199430e-01 1.410021351103048770e-01 2.202574922119979295e+00
1.407624633431084904e-01 1.409958889737805143e-01 2.202532270428446903e+00
1.583577712609970656e-01 1.409894684336686355e-01 2.202488428022889355e+00
1.759530791788856408e-01 1.409829777790930216e-01 2.202444107048934452e+00
1.935483870967741882e-01 1.409764734943826370e-01 2.202399693209764919e+00
2.111436950146627634e-01 1.409699593244282401e-01 2.202355212078067392e+00
2.287390029325513108e-01 1.409633859653080246e-01 2.202310326991936407e+00
2.463343108504398860e-01 1.409566554071403632e-01 2.202264368717714582e+00
2.639296187683284334e-01 1.409496295495060725e-01 2.202216394286722778e+00
2.815249266862169808e-01 1.409421423359971115e-01 2.202165269860813623e+00
2.991202346041055837e-01 1.409340143458686356e-01 2.202109770374682807e+00
3.167155425219941312e-01 1.409250685643027579e-01 2.202048687224603896e+00
3.343108504398826786e-01 1.409151459479014157e-01 2.201980934556680758e+00
3.519061583577712815e-01 1.409041194182359680e-01 2.201905644818125563e+00
3.695014662756598289e-01 1.408919050529255645e-01 2.201822245168149284e+00
3.870967741935483764e-01 1.408784694891839218e-01 2.201730508021578103e+00
4.046920821114369238e-01 1.408638328877668822e-01 2.201630571272967796e+00
4.222873900293255267e-01 1.408480671962278052e-01 2.201522926419754445e+00
4.398826979472141296e-01 1.408312898647788025e-01 2.201408375633681302e+00
4.574780058651026216e-01 1.408136535686183022e-01 2.201287961565582485e+00
4.750733137829911690e-01 1.407953328418474204e-01 2.201162876067262353e+00
4.926686217008797719e-01 1.407765087988565034e-01 2.201034355862399927e+00
5.102639296187683193e-01 1.407573532856720155e-01 2.200903574334778234e+00
5.278592375366568668e-01 1.407380138519851442e-01 2.200771538929870097e+00
5.454545454545454142e-01 1.407186008608324046e-01 2.200639003160524076e+00
5.630498533724339616e-01 1.406991778641635271e-01 2.200506400917489280e+00
5.806451612903226200e-01 1.406797560858220053e-01 2.200373808827040367e+00
5.982404692082111675e-01 1.406602934938682992e-01 2.200240939942596174e+00
6.158357771260997149e-01 1.406406985430138923e-01 2.200107169318579192e+00
6.334310850439882623e-01 1.406208382598404805e-01 2.199971589229216651e+00
6.510263929618768097e-01 1.406005499636482359e-01 2.199833089202536396e+00
6.686217008797653572e-01 1.405796555971163542e-01 2.199690453864945994e+00
6.862170087976539046e-01 1.405579774113270841e-01 2.199542470024551388e+00
7.038123167155425630e-01 1.405353536294692285e-01 2.199388033600940595e+00
7.214076246334311104e-01 1.405116527137083016e-01 2.199226247010703350e+00
7.390029325513196579e-01 1.404867849809540714e-01 2.199056498446261276e+00
7.565982404692082053e-01 1.404607105453460070e-01 2.198878516070899014e+00
7.741935483870967527e-01 1.404334428881082175e-01 2.198692392357840752e+00
7.917888563049854111e-01 1.404050477405006658e-01 2.198498576431270113e+00
8.093841642228738475e-01 1.403756373786815281e-01 2.198297835088115271e+00
8.269794721407623950e-01 1.403453608335407110e-01 2.198091185939566206e+00
8.445747800586510534e-01 1.403143908779020677e-01 2.197879808564007220e+00
8.621700879765396008e-01 1.402829089361568027e-01 2.197664941491517698e+00
8.797653958944282593e-01 1.402510892425049560e-01 2.197447774074603899e+00
8.973607038123166957e-01 1.402190836381444206e-01 2.197229342735539159e+00
9.149560117302052431e-01 1.401870083398155387e-01 2.197010440682919175e+00
9.325513196480939015e-01 1.401549338378489384e-01 2.196791548998630272e+00
9.501466275659823379e-01 1.401228788069053821e-01 2.196572795118320265e+00
9.677419354838709964e-01 1.400908085612188880e-01 2.196353942329679398e+00
9.853372434017595438e-01 1.400586381888470622e-01 2.196134411201323910e+00
1.002932551319648091e+00 1.400262400905910032e-01 2.195913331065503904e+00
1.020527859237536639e+00 1.399934552641297070e-01 2.195689617050611275e+00
1.038123167155425186e+00 1.399601073458014988e-01 2.195462065921346184e+00
1.055718475073313734e+00 1.399260181800578429e-01 2.195229462331243830e+00
1.073313782991202281e+00 1.398910235512731415e-01 2.194990686169684846e+00
1.090909090909090828e+00 1.398549876967358219e-01 2.194744811578341004e+00
1.108504398826979376e+00 1.398178153251962985e-01 2.194491188933439751e+00
1.126099706744867923e+00 1.397794600836140266e-01 2.194229502581015900e+00
1.143695014662756693e+00 1.397399287268031864e-01 2.193959799243117015e+00
1.161290322580645240e+00 1.396992806229956086e-01 2.193682484595880222e+00
1.178885630498533788e+00 1.396576226394548315e-01 2.193398288326623202e+00
1.196480938416422335e+00 1.396150998592807779e-01 2.193108200754646298e+00
1.214076246334310660e+00 1.395718829473738820e-01 2.192813386602873393e+00
1.231671554252199430e+00 1.395281532775096700e-01 2.192515083511846097e+00
1.249266862170087977e+00 1.394840871278329453e-01 2.192214494218171161e+00
1.266862170087976525e+00 1.394398403320139257e-01 2.191912681862077328e+00
1.284457478005865072e+00 1.393955347314216331e-01 2.191610477600003382e+00
1.302052785923753619e+00 1.393512476141890444e-01 2.191308408607629321e+00
1.319648093841642389e+00 1.393070050644243663e-01 2.191006652765276286e+00
1.337243401759530714e+00 1.392627798023288732e-01 2.190705023980320743e+00
1.354838709677419262e+00 1.392184937033067449e-01 2.190402989422607583e+00
1.372434017595307809e+00 1.391740247753376625e-01 2.190099717160996384e+00
1.390029325513196357e+00 1.391292179841918941e-01 2.189794150032342568e+00
1.407624633431085126e+00 1.390838989791313707e-01 2.189485099277619362e+00
1.425219941348973673e+00 1.390378895169680495e-01 2.189171349743791684e+00
1.442815249266862221e+00 1.389910232321941996e-01 2.188851767427547390e+00
1.460410557184750768e+00 1.389431603689332828e-01 2.188525399920669301e+00
1.478005865102639316e+00 1.388942001801708459e-01 2.188191560930290436e+00
1.495601173020527863e+00 1.388440899036681164e-01 2.187849891439943129e+00
1.513196480938416411e+00 1.387928295246121380e-01 2.187500392129393401e+00
1.530791788856304958e+00 1.387404719059691371e-01 2.187143424202221187e+00
1.548387096774193505e+00 1.386871182756816701e-01 2.186779678554653383e+00
1.565982404692082053e+00 1.386329094690371411e-01 2.186410116009706694e+00
1.583577712609970822e+00 1.385780136980218624e-01 2.186035883886751297e+00
1.601173020527859370e+00 1.385226119243346543e-01 2.185658216253586250e+00
1.618768328445747695e+00 1.384668821219275370e-01 2.185278326631737045e+00
1.636363636363636243e+00 1.384109838106516999e-01 2.184897302575004918e+00
1.653958944281524790e+00 1.383550442167630901e-01 2.184516011361786525e+00
1.671554252199413559e+00 1.382991472717328973e-01 2.184135025054759538e+00
1.689149560117302107e+00 1.382433264110945470e-01 2.183754571476864470e+00
1.706744868035190654e+00 1.381875618020478869e-01 2.183374515381056202e+00
1.724340175953079202e+00 1.381317822412771457e-01 2.182994371451177695e+00
1.741935483870967749e+00 1.380758715564307515e-01 2.182613347990881802e+00
1.759530791788856519e+00 1.380196789511370092e-01 2.182230417476191953e+00
1.777126099706744844e+00 1.379630323882821419e-01 2.181844407796702523e+00
1.794721407624633391e+00 1.379057538396081251e-01 2.181454106194890663e+00
1.812316715542521939e+00 1.378476750649060556e-01 2.181058366792101744e+00
1.829912023460410486e+00 1.377886525361096404e-01 2.180656212265003280e+00
1.847507331378299256e+00 1.377285801951640132e-01 2.180246920739811411e+00
1.865102639296187803e+00 1.376673989238025309e-01 2.179830090263540576e+00
1.882697947214076351e+00 1.376051018920012026e-01 2.179405675180459578e+00
1.900293255131964676e+00 1.375417353145898247e-01 2.178973991215288120e+00
1.917888563049853445e+00 1.374773945501066297e-01 2.178535688822809568e+00
1.935483870967741993e+00 1.374122158864005683e-01 2.178091697160355444e+00
1.953079178885630762e+00 1.373463647371101493e-01 2.177643143625352273e+00
1.970674486803519088e+00 1.372800212882452076e-01 2.177191256044994638e+00
1.988269794721407413e+00 1.372133648569035802e-01 2.176737256120074182e+00
2.005865102639296182e+00 1.371465583353976836e-01 2.176282253479224771e+00
2.023460410557184730e+00 1.370797340845297529e-01 2.175827149631027968e+00
2.041055718475073277e+00 1.370129825109055455e-01 2.175372560220199425e+00
2.058651026392961825e+00 1.369463443268391922e-01 2.174918762381495174e+00
2.076246334310850372e+00 1.368798071685860540e-01 2.174465671784503229e+00
2.093841642228738920e+00 1.368133068674737274e-01 2.174012851365837218e+00
2.111436950146627467e+00 1.367467332620461717e-01 2.173559550977608890e+00
2.129032258064516014e+00 1.366799400425782185e-01 2.173104774480376200e+00
2.146627565982404562e+00 1.366127577665922910e-01 2.172647368408717750e+00
2.164222873900293109e+00 1.365450089058312111e-01 2.172186124445562250e+00
2.181818181818181657e+00 1.364765236060407338e-01 2.171719886724341020e+00
2.199413489736070648e+00 1.364071547769268866e-01 2.171247654544868677e+00
2.217008797653958752e+00 1.363367911869181326e-01 2.170768671481332568e+00
2.234604105571847743e+00 1.362653674115121838e-01 2.170282493049021877e+00
2.252199413489735846e+00 1.361928697600376659e-01 2.169789026978206525e+00
2.269794721407624394e+00 1.361193376594879156e-01 2.169288542554435040e+00
2.287390029325513385e+00 1.360448603743103502e-01 2.168781648210462709e+00
2.304985337243401489e+00 1.359695693520237558e-01 2.168269239353191935e+00
2.322580645161290480e+00 1.358936268695432048e-01 2.167752421029019327e+00
2.340175953079178583e+00 1.358172119799907485e-01 2.167232412240502004e+00
2.357771260997067575e+00 1.357405049957798038e-01 2.166710440330548604e+00
2.375366568914956122e+00 1.356636718704766764e-01 2.166187634708952370e+00
2.392961876832844670e+00 1.355868498487590723e-01 2.165664929238341863e+00
2.410557184750733217e+00 1.355101356407132918e-01 2.165142981823219515e+00
2.428152492668621321e+00 1.354335771542689582e-01 2.164622118228887171e+00
2.445747800586510312e+00 1.353571695075190817e-01 2.164102305031581075e+00
2.463343108504398860e+00 1.352808556683603447e-01 2.163583154053342561e+00
2.480938416422287407e+00 1.352045316646471318e-01 2.163063957884987065e+00
2.498533724340175954e+00 1.351280559088813005e-01 2.162543753385996137e+00
2.516129032258064502e+00 1.350512618216420102e-01 2.162021407604219458e+00
2.533724340175953049e+00 1.349739726487790559e-01 2.161495718593390958e+00
2.551319648093841597e+00 1.348960171742269731e-01 2.160965522295148045e+00
2.568914956011730144e+00 1.348172449502641479e-01 2.160429796110653999e+00
2.586510263929618691e+00 1.347375397079088877e-01 2.159887750067776668e+00
2.604105571847507239e+00 1.346568297687377458e-01 2.159338897571293714e+00
2.621700879765395786e+00 1.345750945423468126e-01 2.158783099514562487e+00
2.639296187683284778e+00 1.344923665379502420e-01 2.158220577874737423e+00
2.656891495601172881e+00 1.344087287137120945e-01 2.157651897602143709e+00
2.674486803519061429e+00 1.343243073982345603e-01 2.157077918408770056e+00
2.692082111436949976e+00 1.342392614084178259e-01 2.156499720710819634e+00
2.709677419354838523e+00 1.341537683220350996e-01 2.155918512250337482e+00
2.727272727272727515e+00 1.340680091122898321e-01 2.155335523610397708e+00
2.744868035190615618e+00 1.339821524936909147e-01 2.154751901800339819e+00
2.762463343108504610e+00 1.338963403518219908e-01 2.154168611241312092e+00
2.780058651026392713e+00 1.338106755325821351e-01 2.153586350818841311e+00
2.797653958944281705e+00 1.337252130583824750e-01 2.153005494251111873e+00
2.815249266862170252e+00 1.336399555381195259e-01 2.152426058975485557e+00
2.832844574780058355e+00 1.335548531708974918e-01 2.151847706261065696e+00
2.850439882697947347e+00 1.334698083422485582e-01 2.151269772528082491e+00
2.868035190615835450e+00 1.333846844105547325e-01 2.150691329130289375e+00
2.885630498533724442e+00 1.332993179151042706e-01 2.150111265369200719e+00
2.903225806451612989e+00 1.332135331374770526e-01 2.149528387474519686e+00
2.920821114369501537e+00 1.331271577408607021e-01 2.148941524880588982e+00
2.938416422287390084e+00 1.330400381160132817e-01 2.148349634480113846e+00
2.956011730205278631e+00 1.329520530867434047e-01 2.147751893703602644e+00
2.973607038123167179e+00 1.328631247705640006e-01 2.147147774246091156e+00
2.991202346041055726e+00 1.327732256393912569e-01 2.146537089958773681e+00
3.008797653958944274e+00 1.326823811592627578e-01 2.145920014695338995e+00
3.026392961876832821e+00 1.325906677773177889e-01 2.145297068549028019e+00
3.043988269794721369e+00 1.324982064342587751e-01 2.144669073702161644e+00
3.061583577712609916e+00 1.324051521744276927e-01 2.144037083785183206e+00
3.079178885630498907e+00 1.323116807685589813e-01 2.143402292969810219e+00
3.096774193548387011e+00 1.322179735257572597e-01 2.142765932794000516e+00
3.114369501466275558e+00 1.321242016285382737e-01 2.142129165780847888e+00
3.131964809384164106e+00 1.320305113645671435e-01 2.141492985179533903e+00
3.149560117302052653e+00 1.319370115480623384e-01 2.140858129604502391e+00
3.167155425219941645e+00 1.318437642305345936e-01 2.140225020032766157e+00
3.184750733137829748e+00 1.317507795118492697e-01 2.139593724656486451e+00
3.202346041055718739e+00 1.316580149038635572e-01 2.138963954650697996e+00
3.219941348973606843e+00 1.315653793013056849e-01 2.138335091216471806e+00
3.237536656891495390e+00 1.314727412123413708e-01 2.137706241529905071e+00
3.255131964809384382e+00 1.313799405290700661e-01 2.137076318702263666e+00
3.272727272727272485e+00 1.312868028082485317e-01 2.136444138754915123e+00
3.290322580645161477e+00 1.311931548118663859e-01 2.135808526117497941e+00
3.307917888563049580e+00 1.310988399453693887e-01 2.135168418401694801e+00
3.325513196480938571e+00 1.310037322387248848e-01 2.134522961256304363e+00
3.343108504398827119e+00 1.309077476420358599e-01 2.133871584971031243e+00
3.360703812316715666e+00 1.308108516424951739e-01 2.133214056094754785e+00
3.378299120234604214e+00 1.307130625327068418e-01 2.132550499530180499e+00
3.395894428152492317e+00 1.306144500431910827e-01 2.131881389166213836e+00
3.413489736070381309e+00 1.305151294603299206e-01 2.131207507881867969e+00
3.431085043988269856e+00 1.304152517485002716e-01 2.130529880452356917e+00
3.448680351906158403e+00 1.303149905463260594e-01 2.129849685269303183e+00
3.466275659824046951e+00 1.302145271808016758e-01 2.129168152642028744e+00
3.483870967741935498e+00 1.301140350154228464e-01 2.128486458612804721e+00
3.501466275659824046e+00 1.300136645048859674e-01 2.127805623597575746e+00
3.519061583577713037e+00 1.299135302648912471e-01 2.127126424725224840e+00
3.536656891495601140e+00 1.298137012875039131e-01 2.126449329536848953e+00
3.554252199413489688e+00 1.297141951563630380e-01 2.125774456830563874e+00
3.571847507331378235e+00 1.296149767660441099e-01 2.125101568061946278e+00
3.589442815249266783e+00 1.295159616565887684e-01 2.124430090042369823e+00
3.607038123167155774e+00 1.294170236713470257e-01 2.123759166945928811e+00
3.624633431085043878e+00 1.293180062687412923e-01 2.123087737076891024e+00
3.642228739002932869e+00 1.292187364987384401e-01 2.122414627683006927e+00
3.659824046920820972e+00 1.291190404207806786e-01 2.121738659515688408e+00
3.677419354838709520e+00 1.290187586122162333e-01 2.121058751975004597e+00
3.695014662756598511e+00 1.289177604066841509e-01 2.120374019615485661e+00
3.712609970674486615e+00 1.288159556118878557e-01 2.119683851537401686e+00
3.730205278592375606e+00 1.287133026765731048e-01 2.118987966685132562e+00
3.747800586510263710e+00 1.286098125883162191e-01 2.118286440190452424e+00
3.765395894428152701e+00 1.285055481594372107e-01 2.117579698447316972e+00
3.782991202346041248e+00 1.284006187645529151e-01 2.116868483359209296e+00
3.800586510263929352e+00 1.282951709938108253e-01 2.116153788914860723e+00
3.818181818181817899e+00 1.281893760449142328e-01 2.115436775680607173e+00
3.835777126099706891e+00 1.280834149628087559e-01 2.114718670731978722e+00
3.853372434017595438e+00 1.279774630234223332e-01 2.114000661814656290e+00
3.870967741935483986e+00 1.278716746309111474e-01 2.113283795016172473e+00
3.888563049853372089e+00 1.277661700508193054e-01 2.112568884907042754e+00
3.906158357771261525e+00 1.276610251390837281e-01 2.111856445005463989e+00
3.923753665689149628e+00 1.275562649637131118e-01 2.111146644634239955e+00
3.941348973607038175e+00 1.274518618753568977e-01 2.110439295929006587e+00
3.958944281524926723e+00 1.273477381945144482e-01 2.109733872124256671e+00
3.976539589442814826e+00 1.272437732802899346e-01 2.109029555514830623e+00
3.994134897360704262e+00 1.271398143630922406e-01 2.108325310900487359e+00
4.011730205278592365e+00 1.270356901944230954e-01 2.107619978092657220e+00
4.029325513196480912e+00 1.269312263196230584e-01 2.106912375389821790e+00
4.046920821114369460e+00 1.268262606358930844e-01 2.106201404958325973e+00
4.064516129032258007e+00 1.267206578711754239e-01 2.105486150877163176e+00
4.082111436950146555e+00 1.266143217125362819e-01 2.104765961238443506e+00
4.099706744868035102e+00 1.265072035179340970e-01 2.104040507088028811e+00
4.117302052785923649e+00 1.263993068450188495e-01 2.103309813023365837e+00
4.134897360703812197e+00 1.262906873985523148e-01 2.102574256759153215e+00
4.152492668621700744e+00 1.261814484015001958e-01 2.101834537704743600e+00
4.170087976539589292e+00 1.260717317978038432e-01 2.101091617325865357e+00
4.187683284457477839e+00 1.259617060614021677e-01 2.100346636544306200e+00
4.205278592375366387e+00 1.258515516835973513e-01 2.099600817441609646e+00
4.222873900293254934e+00 1.257414456133826297e-01 2.098855357901093566e+00
4.240469208211143481e+00 1.256315460152093721e-01 2.098111328427390010e+00
4.258064516129032029e+00 1.255219786788874803e-01 2.097369580177439907e+00
4.275659824046920576e+00 1.254128262698638863e-01 2.096630672242202120e+00
4.293255131964809124e+00 1.253041213586095493e-01 2.095894824526604694e+00
4.310850439882698559e+00 1.251958438371391924e-01 2.095161900334964855e+00
4.328445747800586219e+00 1.250879229476801469e-01 2.094431420175866254e+00
4.346041055718474766e+00 1.249802437461534216e-01 2.093702605577353104e+00
4.363636363636363313e+00 1.248726574361414265e-01 2.092974449085106770e+00
4.381231671554251861e+00 1.247649946705921414e-01 2.092245804327505621e+00
4.398826979472141296e+00 1.246570806582024127e-01 2.091515488271897816e+00
4.416422287390028956e+00 1.245487507519676962e-01 2.090782386719725938e+00
4.434017595307917503e+00 1.244398651533474565e-01 2.090045553792704514e+00
4.451612903225806051e+00 1.243303214412720542e-01 2.089304296677596540e+00
4.469208211143695486e+00 1.242200638248175393e-01 2.088558238182585125e+00
4.486803519061584034e+00 1.241090883055809974e-01 2.087807351603797379e+00
4.504398826979471693e+00 1.239974432953514089e-01 2.087051964835064499e+00
4.521994134897360240e+00 1.238852256348206698e-01 2.086292733362419494e+00
4.539589442815248788e+00 1.237725723639912651e-01 2.085530584524430076e+00
4.557184750733138223e+00 1.236596489686269673e-01 2.084766637946770640e+00
4.574780058651026771e+00 1.235466351362067838e-01 2.084002109148871629e+00
4.592375366568914430e+00 1.234337092722685852e-01 2.083238204788752324e+00
4.609970674486802977e+00 1.233210331349797878e-01 2.082476018732599243e+00
4.627565982404692413e+00 1.232087379333851596e-01 2.081716438048659690e+00
4.645161290322580960e+00 1.230969131049337029e-01 2.080960067143824421e+00
4.662756598240469508e+00 1.229855987523801736e-01 2.080207176665971769e+00
4.680351906158357167e+00 1.228747823999569860e-01 2.079457681627888022e+00
4.697947214076245714e+00 1.227644003516884380e-01 2.078711150657969853e+00
4.715542521994135150e+00 1.226543435333396076e-01 2.077966845568491205e+00
4.733137829912023697e+00 1.225444673084307295e-01 2.077223787788427423e+00
4.750733137829912245e+00 1.224346044114232729e-01 2.076480845860452451e+00
4.768328445747799904e+00 1.223245798679353513e-01 2.075736836355766890e+00
4.785923753665689340e+00 1.222142265964672320e-01 2.074990629376586071e+00
4.803519061583577887e+00 1.221034003245239086e-01 2.074241249401820308e+00
4.821114369501466435e+00 1.219919925101608377e-01 2.073487962626853864e+00
4.838709677419354982e+00 1.218799401334873661e-01 2.072730343123583729e+00
4.856304985337242641e+00 1.217672314966875002e-01 2.071968312001533974e+00
4.873900293255132077e+00 1.216539075218016630e-01 2.071202146123290788e+00
4.891495601173020624e+00 1.215400584317418708e-01 2.070432455607200684e+00
4.909090909090909172e+00 1.214258161064995373e-01 2.069660132098510630e+00
4.926686217008797719e+00 1.213113427869547262e-01 2.068886272361424528e+00
4.944281524926685378e+00 1.211968171192695787e-01 2.068112083910214061e+00
4.961876832844574814e+00 1.210824187652433243e-01 2.067338780966354594e+00
4.979472140762463361e+00 1.209683129281327874e-01 2.066567479865185408e+00
4.997067448680351909e+00 1.208546361489181153e-01 2.065799103069930087e+00
5.014662756598240456e+00 1.207414846150809962e-01 2.065034300185251581e+00
5.032258064516129004e+00 1.206289060030446003e-01 2.064273392867328027e+00
5.049853372434017551e+00 1.205168955662512809e-01 2.063516348436440495e+00
5.067448680351906098e+00 1.204053968103022954e-01 2.062762784493045842e+00
5.085043988269794646e+00 1.202943066966957880e-01 2.062012004135765686e+00
5.102639296187683193e+00 1.201834849218316598e-01 2.061263058711885421e+00
5.120234604105571741e+00 1.200727664620147572e-01 2.060514832626652026e+00
5.137829912023460288e+00 1.199619762890122565e-01 2.059766142805279365e+00
5.155425219941348836e+00 1.198509449693612172e-01 2.059015844110124061e+00
5.173020527859237383e+00 1.197395237811777341e-01 2.058262931480455915e+00
5.190615835777126819e+00 1.196275980223799468e-01 2.057506629835426537e+00
5.208211143695014478e+00 1.195150973410828432e-01 2.056746463842381800e+00
5.225806451612903025e+00 1.194020021792934344e-01 2.055982301413469937e+00
5.243401759530791573e+00 1.192883457622065241e-01 2.055214367099900574e+00
5.260997067448680120e+00 1.191742114572505451e-01 2.054443224201472518e+00
5.278592375366569556e+00 1.190597257346704962e-01 2.053669727163276004e+00
5.296187683284457215e+00 1.189450473483835008e-01 2.052894948445293188e+00
5.313782991202345762e+00 1.188303536877851063e-01 2.052120086292079648e+00
5.331378299120234310e+00 1.187158254986150629e-01 2.051346361499655213e+00
5.348973607038122857e+00 1.186016313125628358e-01 2.050574912231168501e+00
5.366568914956012293e+00 1.184879129489784522e-01 2.049806696090789249e+00
5.384164222873899952e+00 1.183747733565539001e-01 2.049042408018229455e+00
5.401759530791788499e+00 1.182622678570685038e-01 2.048282421174668855e+00
5.419354838709677047e+00 1.181503995556290321e-01 2.047526755979128144e+00
5.436950146627566482e+00 1.180391193182976778e-01 2.046775079998156777e+00
5.454545454545455030e+00 1.179283303199721994e-01 2.046026738703256687e+00
5.472140762463342689e+00 1.178178967670589494e-01 2.045280814420477267e+00
5.489736070381231237e+00 1.177076560350358708e-01 2.044536208335944849e+00
5.507331378299119784e+00 1.175974331619626945e-01 2.043791738402442437e+00
5.524926686217009220e+00 1.174870564314365873e-01 2.043046244591581573e+00
5.542521994134897767e+00 1.173763726809566171e-01 2.042298692278701200e+00
5.560117302052785426e+00 1.172652609933376999e-01 2.041548264695396853e+00
5.577712609970673974e+00 1.171536435685448935e-01 2.040794436329533834e+00
5.595307917888563409e+00 1.170414928194072474e-01 2.040037020815685054e+00
5.612903225806451957e+00 1.169288340658254932e-01 2.039276189096266290e+00
5.630498533724340504e+00 1.168157435890489065e-01 2.038512456247387750e+00
5.648093841642228163e+00 1.167023422160075735e-01 2.037746638121660236e+00
5.665689149560116711e+00 1.165887849969852313e-01 2.036979781615761986e+00
5.683284457478006146e+00 1.164752478831050653e-01 2.036213074687291069e+00
5.700879765395894694e+00 1.163619125728070219e-01 2.035447744018215044e+00
5.718475073313783241e+00 1.162489508557382478e-01 2.034684949296141188e+00
5.736070381231670900e+00 1.161365098248490629e-01 2.033925683369228743e+00
5.753665689149560336e+00 1.160246992499114060e-01 2.033170687005393606e+00
5.771260997067448884e+00 1.159135822155678008e-01 2.032420385701664944e+00
5.788856304985337431e+00 1.158031698414446198e-01 2.031674854060602442e+00
5.806451612903225978e+00 1.156934205457950116e-01 2.030933810846119236e+00
5.824046920821113638e+00 1.155842439183552839e-01 2.030196645158848678e+00
5.841642228739003073e+00 1.154755088665544438e-01 2.029462471460393935e+00
5.859237536656891621e+00 1.153670553264022208e-01 2.028730208659255574e+00
5.876832844574780168e+00 1.152587085173767956e-01 2.027998676365477593e+00
5.894428152492668715e+00 1.151502944966751318e-01 2.027266699909833658e+00
5.912023460410557263e+00 1.150416556521845907e-01 2.026533214941057981e+00
5.929618768328445810e+00 1.149326647762509007e-01 2.025797362433827242e+00
5.947214076246334358e+00 1.148232364843526643e-01 2.025058565764933594e+00
5.964809384164222905e+00 1.147133349740331321e-01 2.024316583076904763e+00
5.982404692082111453e+00 1.146029774399852513e-01 2.023571530312955780e+00
6.000000000000000000e+00 1.144922328428507885e-01 2.022823872884084384e+00
6.017595307917888547e+00 1.143812161380929754e-01 2.022074386688975878e+00
6.035190615835777095e+00 1.142700784708179512e-01 2.021324091904221465e+00
6.052785923753665642e+00 1.141589941969321093e-01 2.020574165355089491e+00
6.070381231671554190e+00 1.140481458691373629e-01 2.019825839153815306e+00
6.087976539589442737e+00 1.139377085036440140e-01 2.019080294488948546e+00
6.105571847507331285e+00 1.138278345049965751e-01 2.018338559863692261e+00
6.123167155425219832e+00 1.137186405673347028e-01 2.017601422681592815e+00
6.140762463343108379e+00 1.136101976965607774e-01 2.016869361903801394e+00
6.158357771260997815e+00 1.135025252249536737e-01 2.016142507659348215e+00
6.175953079178885474e+00 1.133955893416467853e-01 2.015420631339807311e+00
6.193548387096774022e+00 1.132893062691782970e-01 2.014703167055547972e+00
6.211143695014662569e+00 1.131835498118184680e-01 2.013989262600502261e+00
6.228739002932551116e+00 1.130781626201428636e-01 2.013277855499345126e+00
6.246334310850440552e+00 1.129729701913107648e-01 2.012567767517526196e+00
6.263929618768328211e+00 1.128677963837655951e-01 2.011857809389976826e+00
6.281524926686216759e+00 1.127624790901992219e-01 2.011146886614349150e+00
6.299120234604105306e+00 1.126568846958194009e-01 2.010434097041593926e+00
6.316715542521994742e+00 1.125509200526389475e-01 2.009718811696889595e+00
6.334310850439883289e+00 1.124445409163202930e-01 2.009000731720941513e+00
6.351906158357770948e+00 1.123377561014463205e-01 2.008279916409863475e+00
6.369501466275659496e+00 1.122306269869785683e-01 2.007556779869164032e+00
6.387096774193548043e+00 1.121232624126233535e-01 2.006832056557689370e+00
6.404692082111437479e+00 1.120158094123945430e-01 2.006106738734747097e+00
6.422287390029326026e+00 1.119084405976352586e-01 2.005381991293593735e+00
6.439882697947213686e+00 1.118013392956061502e-01 2.004659051447510887e+00
6.457478005865102233e+00 1.116946837457218900e-01 2.003939122057168287e+00
6.475073313782990780e+00 1.115886317367602992e-01 2.003223267936038443e+00
6.492668621700880216e+00 1.114833070284525357e-01 2.002512324201020544e+00
6.510263929618768763e+00 1.113787887439440238e-01 2.001806824676232388e+00
6.527859237536656423e+00 1.112751046598564747e-01 2.001106956604632447e+00
6.545454545454544970e+00 1.111722289810409964e-01 2.000412545629826067e+00
6.563049853372434406e+00 1.110700847967740351e-01 1.999723072375864330e+00
6.580645161290322953e+00 1.109685510078282228e-01 1.999037719203770935e+00
6.598240469208211501e+00 1.108674731242214329e-01 1.998355443093750905e+00
6.615835777126099160e+00 1.107666769950916424e-01 1.997675068318371716e+00
6.633431085043987707e+00 1.106659842743861477e-01 1.996995390832211559e+00
6.651026392961877143e+00 1.105652282715913065e-01 1.996315285260914063e+00
6.668621700879765690e+00 1.104642687998806244e-01 1.995633805123810056e+00
6.686217008797654238e+00 1.103630047186533736e-01 1.994950267495160023e+00
6.703812316715541897e+00 1.102613830670959860e-01 1.994264314656601478e+00
6.721407624633431332e+00 1.101594039829971172e-01 1.993575947301923224e+00
6.739002932551319880e+00 1.100571209706586590e-01 1.992885526349903902e+00
6.756598240469208427e+00 1.099546364905977236e-01 1.992193743180400878e+00
6.774193548387096975e+00 1.098520932553442159e-01 1.991501560887011690e+00
6.791788856304984634e+00 1.097496619932481071e-01 1.990810131688304674e+00
6.809384164222874070e+00 1.096475267522055430e-01 1.990120697732048249e+00
6.826979472140762617e+00 1.095458690303500460e-01 1.989434483979136914e+00
6.844574780058651164e+00 1.094448521224438281e-01 1.988752592540588671e+00
6.862170087976539712e+00 1.093446070506899348e-01 1.988075907706249090e+00
6.879765395894428259e+00 1.092452213093887264e-01 1.987405019964076036e+00
6.897360703812316807e+00 1.091467314069862887e-01 1.986740175649612139e+00
6.914956011730205354e+00 1.090491198582967253e-01 1.986081256633021930e+00
6.932551319648093902e+00 1.089523168926320451e-01 1.985427791838665357e+00
6.950146627565982449e+00 1.088562067334814115e-01 1.984778999624168705e+00
6.967741935483870996e+00 1.087606379072638269e-01 1.984133857358523434e+00
6.985337243401759544e+00 1.086654366867021992e-01 1.983491192162641914e+00
7.002932551319648091e+00 1.085704224989879479e-01 1.982849784916619118e+00
7.020527859237536639e+00 1.084754239543556514e-01 1.982208478459291934e+00
7.038123167155426074e+00 1.083802940928576680e-01 1.981566280514868383e+00
7.055718475073313734e+00 1.082849235119737741e-01 1.980922452318633953e+00
7.073313782991202281e+00 1.081892502203820605e-01 1.980276575146503681e+00
7.090909090909090828e+00 1.080932653484309586e-01 1.979628588878014073e+00
7.108504398826979376e+00 1.079970142087011836e-01 1.978978799171339231e+00
7.126099706744868811e+00 1.079005926085841310e-01 1.978327852586439395e+00
7.143695014662756471e+00 1.078041387344146479e-01 1.977676681811407544e+00
7.161290322580645018e+00 1.077078213162905446e-01 1.977026425777144159e+00
7.178885630498533565e+00 1.076118251093034772e-01 1.976378331650524567e+00
7.196480938416422113e+00 1.075163349619885911e-01 1.975733647283735461e+00
7.214076246334311548e+00 1.074215198657016562e-01 1.975093513527955924e+00
7.231671554252199208e+00 1.073275183794268339e-01 1.974458865825767573e+00
7.249266862170087755e+00 1.072344267036545729e-01 1.973830353681673033e+00
7.266862170087976303e+00 1.071422904456676983e-01 1.973208285049405930e+00
7.284457478005865738e+00 1.070511007972490825e-01 1.972592600505978178e+00
7.302052785923754286e+00 1.069607954623577883e-01 1.971982879493948237e+00
7.319648093841641945e+00 1.068712642595161522e-01 1.971378378126406705e+00
7.337243401759530492e+00 1.067823589168875459e-01 1.970778095302790245e+00
7.354838709677419040e+00 1.066939062120025039e-01 1.970180861411934936e+00
7.372434017595308475e+00 1.066057233144677152e-01 1.969585441915764346e+00
7.390029325513197023e+00 1.065176339945319572e-01 1.968990646786602072e+00
7.407624633431084682e+00 1.064294842807558816e-01 1.968395436232665885e+00
7.425219941348973229e+00 1.063411561941295380e-01 1.967799013443263245e+00
7.442815249266862665e+00 1.062525783509041671e-01 1.967200896197908833e+00
7.460410557184751212e+00 1.061637324984482517e-01 1.966600961019694171e+00
7.478005865102639760e+00 1.060746554040962603e-01 1.965999455953983732e+00
7.495601173020527419e+00 1.059854359248452449e-01 1.965396980807153859e+00
7.513196480938415966e+00 1.058962075095504912e-01 1.964794436541425826e+00
7.530791788856305402e+00 1.058071367870881269e-01 1.964192948235147895e+00
7.548387096774193061e+00 1.057184092379377244e-01 1.963593768341103551e+00
7.565982404692082497e+00 1.056302132023793361e-01 1.962998168703160351e+00
7.583577712609971044e+00 1.055427236237131278e-01 1.962407330773337621e+00
7.601173020527858704e+00 1.054560869474438084e-01 1.961822243624829154e+00
7.618768328445748139e+00 1.053704084959361797e-01 1.961243618672917632e+00
7.636363636363635798e+00 1.052857434221222688e-01 1.960671828558730789e+00
7.653958944281525234e+00 1.052020920345490690e-01 1.960106875549497918e+00
7.671554252199413781e+00 1.051193999064629070e-01 1.959548392245971771e+00
7.689149560117301441e+00 1.050375627662221284e-01 1.958995674582372004e+00
7.706744868035190876e+00 1.049564357505862189e-01 1.958447744296182513e+00
7.724340175953080312e+00 1.048758462218977588e-01 1.957903435474557696e+00
7.741935483870967971e+00 1.047956090374917992e-01 1.957361497671495698e+00
7.759530791788856519e+00 1.047155429424081741e-01 1.956820706621661632e+00
7.777126099706744178e+00 1.046354866539484230e-01 1.956279972883195661e+00
7.794721407624633613e+00 1.045553132289407244e-01 1.955738438891575726e+00
7.812316715542523049e+00 1.044749414506954688e-01 1.955195555892458970e+00
7.829912023460410708e+00 1.043943432307419261e-01 1.954651133963756227e+00
7.847507331378299256e+00 1.043135463682679370e-01 1.954105360685702175e+00
7.865102639296186915e+00 1.042326324172355850e-01 1.953558786766397048e+00
7.882697947214076351e+00 1.041517298411934328e-01 1.953012279834752007e+00
7.900293255131965786e+00 1.040710030503625289e-01 1.952466950413005886e+00
7.917888563049853445e+00 1.039906382776850935e-01 1.951924056527560181e+00
7.935483870967741993e+00 1.039108275279837512e-01 1.951384895292095578e+00
7.953079178885629652e+00 1.038317520030400259e-01 1.950850690937703247e+00
7.970674486803519088e+00 1.037535664509112582e-01 1.950322489073842647e+00
7.988269794721408523e+00 1.036763858068645433e-01 1.949801066418863638e+00
8.005865102639296182e+00 1.036002752937345284e-01 1.949286863892109478e+00
8.023460410557184730e+00 1.035252448488889199e-01 1.948779948929839634e+00
8.041055718475073277e+00 1.034512483696622964e-01 1.948280010352234859e+00
8.058651026392961825e+00 1.033781878510928037e-01 1.947786386284709126e+00
8.076246334310850372e+00 1.033059220648006732e-01 1.947298122765070971e+00
8.093841642228738920e+00 1.032342790320734671e-01 1.946814057993458080e+00
8.111436950146627467e+00 1.031630712116866494e-01 1.946332924934240927e+00
8.129032258064516014e+00 1.030921120826684551e-01 1.945853463354322299e+00
8.146627565982404562e+00 1.030212326756530655e-01 1.945374531525922990e+00
8.164222873900293109e+00 1.029502966056650010e-01 1.944895207815378724e+00
8.181818181818181657e+00 1.028792122854170349e-01 1.944414873231257168e+00
8.199413489736070204e+00 1.028079412413285126e-01 1.943933267646766438e+00
8.217008797653960528e+00 1.027365017939025627e-01 1.943450514703916276e+00
8.234604105571847299e+00 1.026649677700114949e-01 1.942967113148897695e+00
8.252199413489735846e+00 1.025934623510906391e-01 1.942483895296865271e+00
8.269794721407624394e+00 1.025221475891232581e-01 1.942001956215660297e+00
8.287390029325512941e+00 1.024512105034290077e-01 1.941522559794057079e+00
8.304985337243401489e+00 1.023808469717192582e-01 1.941047029891562747e+00
8.322580645161290036e+00 1.023112448223338217e-01 1.940576636075693084e+00
8.340175953079178583e+00 1.022425676044484283e-01 1.940112483926731857e+00
8.357771260997067131e+00 1.021749404540130690e-01 1.939655419492988475e+00
8.375366568914955678e+00 1.021084392909023669e-01 1.939205956249385299e+00
8.392961876832846002e+00 1.020430842937646715e-01 1.938764230960345225e+00
8.410557184750732773e+00 1.019788382282857953e-01 1.938329992342773700e+00
8.428152492668621321e+00 1.019156097840231423e-01 1.937902623582610451e+00
8.445747800586509868e+00 1.018532616402662849e-01 1.937481196819928808e+00
8.463343108504398415e+00 1.017916225696685051e-01 1.937064554933984439e+00
8.480938416422286963e+00 1.017305025348019393e-01 1.936651413568610591e+00
8.498533724340175510e+00 1.016697094681875274e-01 1.936240474548662105e+00
8.516129032258064058e+00 1.016090662742000633e-01 1.935830540808589628e+00
8.533724340175954381e+00 1.015484265659322011e-01 1.935420622781903965e+00
8.551319648093841153e+00 1.014876877549715090e-01 1.935010026908016822e+00
8.568914956011731476e+00 1.014268003392062995e-01 1.934598418447329715e+00
8.586510263929618247e+00 1.013657725639183493e-01 1.934185853026098689e+00
8.604105571847506795e+00 1.013046700359538921e-01 1.933772774066315536e+00
8.621700879765397119e+00 1.012436103137513144e-01 1.933359976249907186e+00
8.639296187683283890e+00 1.011827529378896140e-01 1.932948538153656193e+00
8.656891495601172437e+00 1.011222857680817711e-01 1.932539729904390047e+00
8.674486803519060985e+00 1.010624088173947138e-01 1.932134903901244316e+00
8.692082111436949532e+00 1.010033169943312104e-01 1.931735378139767256e+00
8.709677419354839856e+00 1.009451832593996207e-01 1.931342322323572391e+00
8.727272727272726627e+00 1.008881436670937826e-01 1.930956656709880814e+00
8.744868035190616951e+00 1.008322856007063534e-01 1.930578972531678650e+00
8.762463343108503722e+00 1.007776402307940522e-01 1.930209480970395353e+00
8.780058651026392269e+00 1.007241798625306134e-01 1.929847995181883658e+00
8.797653958944282593e+00 1.006718204140272799e-01 1.929493947017398625e+00
8.815249266862169364e+00 1.006204288228893101e-01 1.929146437073154363e+00
8.832844574780057911e+00 1.005698347496610107e-01 1.928804313802928938e+00
8.850439882697948235e+00 1.005198455709675615e-01 1.928466274885688891e+00
8.868035190615835006e+00 1.004702633646308851e-01 1.928130982074485633e+00
8.885630498533725330e+00 1.004209024096313352e-01 1.927797179538581096e+00
8.903225806451612101e+00 1.003716056721368766e-01 1.927463805360437821e+00
8.920821114369502425e+00 1.003222588308144425e-01 1.927130086402637277e+00
8.938416422287390972e+00 1.002728006043579478e-01 1.926795608176995245e+00
8.956011730205277743e+00 1.002232284642116666e-01 1.926460353511465051e+00
8.973607038123168067e+00 1.001735992181803508e-01 1.926124706532930331e+00
8.991202346041054838e+00 1.001240244003115121e-01 1.925789421524548128e+00
9.008797653958943386e+00 1.000746608591009668e-01 1.925455559304438902e+00
9.026392961876833709e+00 1.000256973587551890e-01 1.925124396631476387e+00
9.043988269794720480e+00 9.997733835910817268e-02 1.924797316517826040e+00
9.061583577712610804e+00 9.992978638809464631e-02 1.924475689008752433e+00
9.079178885630497575e+00 9.988322454461874556e-02 1.924160752830336829e+00
9.096774193548387899e+00 9.983780065925328129e-02 1.923853508237401755e+00
9.114369501466276446e+00 9.979361449697216058e-02 1.923554630426937306e+00
9.131964809384163217e+00 9.975070912308334203e-02 1.923264411104514293e+00
9.149560117302053541e+00 9.970906719374363070e-02 1.922982733358293617e+00
9.167155425219940312e+00 9.966861250673289541e-02 1.922709082115728219e+00
9.184750733137828860e+00 9.962921669273214209e-02 1.922442589376882838e+00
9.202346041055719184e+00 9.959071048083713296e-02 1.922182110396993604e+00
9.219941348973605955e+00 9.955289857234242423e-02 1.921926324286117760e+00
9.237536656891496278e+00 9.951557683866281423e-02 1.921673850340384515e+00
9.255131964809384826e+00 9.947855035046183902e-02 1.921423370006015041e+00
9.272727272727273373e+00 9.944165066508472983e-02 1.921173743835459691e+00
9.290322580645161921e+00 9.940475085648824149e-02 1.920924113180502601e+00
9.307917888563048692e+00 9.936777696261880899e-02 1.920673977656893738e+00
9.325513196480939015e+00 9.933071483396831158e-02 1.920423241503142142e+00
9.343108504398827563e+00 9.929361176736721528e-02 1.920172224663589056e+00
9.360703812316714334e+00 9.925657276572878718e-02 1.919921637514553803e+00
9.378299120234604658e+00 9.921975173668476367e-02 1.919672521346743821e+00
9.395894428152491429e+00 9.918333838859863527e-02 1.919426159731542958e+00
9.413489736070381753e+00 9.914754196138242381e-02 1.919183968463206824e+00
9.431085043988270300e+00 9.911257320838708085e-02 1.918947373656852529e+00
9.448680351906158847e+00 9.907862619998804299e-02 1.918717688628062579e+00
9.466275659824047395e+00 9.904586153655473013e-02 1.918496000297266635e+00
9.483870967741934166e+00 9.901439243739447449e-02 1.918283075044324715e+00
9.501466275659824490e+00 9.898427492422032237e-02 1.918079292261675395e+00
9.519061583577713037e+00 9.895550296446196936e-02 1.917884611464974132e+00
9.536656891495599808e+00 9.892800901164586214e-02 1.917698575923424631e+00
9.554252199413490132e+00 9.890166991345704373e-02 1.917520352614143775e+00
9.571847507331378679e+00 9.887631769244208113e-02 1.917348805153103797e+00
9.589442815249267227e+00 9.885175427918327373e-02 1.917182593477585684e+00
9.607038123167155774e+00 9.882776892966785298e-02 1.917020291698659396e+00
9.624633431085044322e+00 9.880415681810662820e-02 1.916860513914435238e+00
9.642228739002932869e+00 9.878073718565472117e-02 1.916702037024608618e+00
9.659824046920821417e+00 9.875736945541165046e-02 1.916543909789012234e+00
9.677419354838709964e+00 9.873396589389225875e-02 1.916385538521649945e+00
9.695014662756598511e+00 9.871049969529221979e-02 1.916226741815106438e+00
9.712609970674485282e+00 9.868700776216358939e-02 1.916067769378130281e+00
9.730205278592375606e+00 9.866358791977816733e-02 1.915909283206156166e+00
9.747800586510264154e+00 9.864039079021026668e-02 1.915752302611542168e+00
9.765395894428152701e+00 9.861760702224249553e-02 1.915598117821249780e+00
9.782991202346041248e+00 9.859545098245131589e-02 1.915448179619596125e+00
9.800586510263929796e+00 9.857414232484681960e-02 1.915303974626168415e+00
9.818181818181818343e+00 9.855388704404312306e-02 1.915166897069864982e+00
9.835777126099706891e+00 9.853485966403181806e-02 1.915038128240254878e+00
9.853372434017595438e+00 9.851718811799596576e-02 1.914918534144793627e+00
9.870967741935483986e+00 9.850094264328888849e-02 1.914808590335929539e+00
9.888563049853370757e+00 9.848612967000273943e-02 1.914708340532870423e+00
9.906158357771261080e+00 9.847269125132093737e-02 1.914617392750798119e+00
9.923753665689149628e+00 9.846051010547322846e-02 1.914534953412035057e+00
9.941348973607038175e+00 9.844941985305295795e-02 1.914459896623077473e+00
9.958944281524926723e+00 9.843921958082040014e-02 1.914390862737117560e+00
9.976539589442815270e+00 9.842969148267363688e-02 1.914326377746212282e+00
9.994134897360703818e+00 9.842062005350100951e-02 1.914264983186018343e+00
1.001173020527859236e+01 9.841181116704329768e-02 1.914205365257523495e+00
1.002932551319648091e+01 9.840310936894879068e-02 1.914146471870832977e+00
1.004692082111436946e+01 9.839441186268625683e-02 1.914087607307676908e+00
1.006451612903225801e+01 9.838567794772046238e-02 1.914028496106163990e+00
1.008211143695014655e+01 9.837693306270674232e-02 1.913969310433294657e+00
1.009970674486803510e+01 9.836826705713604124e-02 1.913910658395866271e+00
1.011730205278592365e+01 9.835982682114505216e-02 1.913853534166485515e+00
1.013489736070381220e+01 9.835180389964479075e-02 1.913799234161057017e+00
1.015249266862170074e+01 9.834441815909172879e-02 1.913749246496823320e+00
1.017008797653958929e+01 9.833789892357645834e-02 1.913705123318224288e+00
1.018768328445747784e+01 9.833246522088820440e-02 1.913668347094649835e+00
1.020527859237536639e+01 9.832830685964336070e-02 1.913640202539532709e+00
1.022287390029325493e+01 9.832556798910958851e-02 1.913621665331028510e+00
1.024046920821114348e+01 9.832433458085038103e-02 1.913613317376740230e+00
1.025806451612903203e+01 9.832462693454162295e-02 1.913615296085522388e+00
1.027565982404692058e+01 9.832639787825916966e-02 1.913627282184567235e+00
1.029325513196480912e+01 9.832953684289971741e-02 1.913648527298197566e+00
1.031085043988269767e+01 9.833387948243366150e-02 1.913677919065670086e+00
1.032844574780058622e+01 9.833922202933075007e-02 1.913714078309634026e+00
1.034604105571847477e+01 9.834533915885322608e-02 1.913755479953271665e+00
1.036363636363636331e+01 9.835200382310224643e-02 1.913800587267083131e+00
1.038123167155425364e+01 9.835900733399523255e-02 1.913847987797063777e+00
1.039882697947214041e+01 9.836617794111798818e-02 1.913896519102028293e+00
1.041642228739002896e+01 9.837339627076641113e-02 1.913945373243447934e+00
1.043401759530791750e+01 9.838060625760691735e-02 1.913994170766206482e+00
1.045161290322580605e+01 9.838782058860155721e-02 1.914042997536473445e+00
1.046920821114369637e+01 9.839512015639961806e-02 1.914092401034919844e+00
1.048680351906158315e+01 9.840264754417513138e-02 1.914143346254835398e+00
1.050439882697947169e+01 9.841059508884472673e-02 1.914197134907205333e+00
1.052199413489736024e+01 9.841918854762578273e-02 1.914255294869774859e+00
1.053958944281524879e+01 9.842866778112997761e-02 1.914319449444755961e+00
1.055718475073313911e+01 9.843926613054745922e-02 1.914391177779261932e+00
1.057478005865102588e+01 9.845119028389090476e-02 1.914471878597665544e+00
1.059237536656891443e+01 9.846460238743241777e-02 1.914562649132524497e+00
1.060997067448680298e+01 9.847960596739172012e-02 1.914664189847536946e+00
1.062756598240469152e+01 9.849623690073663895e-02 1.914776743337798903e+00
1.064516129032258185e+01 9.851446024077771535e-02 1.914900072859967883e+00
1.066275659824046862e+01 9.853417319975849020e-02 1.915033482536199205e+00
1.068035190615835717e+01 9.855521405927497591e-02 1.915175877678299221e+00
1.069794721407624571e+01 9.857737626470605696e-02 1.915325860194657448e+00
1.071554252199413426e+01 9.860042650565856159e-02 1.915481850968565825e+00
1.073313782991202459e+01 9.862412523001541642e-02 1.915642228698543281e+00
1.075073313782991136e+01 9.864824781616225724e-02 1.915805473183289198e+00
1.076832844574779990e+01 9.867260455764396976e-02 1.915970300559612260e+00
1.078592375366569023e+01 9.869705770505925180e-02 1.916135778616298913e+00
1.080351906158357700e+01 9.872153405596861830e-02 1.916301411972851421e+00
1.082111436950146732e+01 9.874603196488586365e-02 1.916467189493262779e+00
1.083870967741935409e+01 9.877062212959071552e-02 1.916633589581770991e+00
1.085630498533724264e+01 9.879544205421865455e-02 1.916801542690059090e+00
1.087390029325513296e+01 9.882068464536367114e-02 1.916972354125802802e+00
1.089149560117301974e+01 9.884658191466114130e-02 1.917147593751946877e+00
1.090909090909091006e+01 9.887338519370174328e-02 1.917328962091440658e+00
1.092668621700879683e+01 9.890134357631323592e-02 1.917518144444054107e+00
1.094428152492668538e+01 9.893068246228894913e-02 1.917716665697806411e+00
1.096187683284457570e+01 9.896158407245363164e-02 1.917925758488864929e+00
1.097947214076246247e+01 9.899417163859612623e-02 1.918146256237425629e+00
1.099706744868035280e+01 9.902849865841424626e-02 1.918378520465505499e+00
1.101466275659823957e+01 9.906454417217784580e-02 1.918622408868316809e+00
1.103225806451612812e+01 9.910221450118403275e-02 1.918877287113602614e+00
1.104985337243401844e+01 9.914135133158073765e-02 1.919142083576462987e+00
1.106744868035190521e+01 9.918174547736523239e-02 1.919415382496523659e+00
1.108504398826979553e+01 9.922315515988064383e-02 1.919695547685043691e+00
1.110263929618768408e+01 9.926532724057780810e-02 1.919980866200363900e+00
1.112023460410557085e+01 9.930801957478614661e-02 1.920269699591803825e+00
1.113782991202346118e+01 9.935102254190872340e-02 1.920560629554536103e+00
1.115542521994134795e+01 9.939417786411987310e-02 1.920852585223919773e+00
1.117302052785923827e+01 9.943739304886889396e-02 1.921144940850276983e+00
1.119061583577712682e+01 9.948065016284615703e-02 1.921437575115835905e+00
1.120821114369501359e+01 9.952400813502670918e-02 1.921730886671068284e+00
1.122580645161290391e+01 9.956759835109597889e-02 1.922025764287878191e+00
1.124340175953079068e+01 9.961161389055846194e-02 1.922323514011095469e+00
1.126099706744868101e+01 9.965629331817384140e-02 1.922625749479500046e+00
1.127859237536656956e+01 9.970190042268328723e-02 1.922934254842588508e+00
1.129618768328445633e+01 9.974870165523665178e-02 1.923250832129877130e+00
1.131378299120234665e+01 9.979694322601635748e-02 1.923577146322624554e+00
1.133137829912023342e+01 9.984682985297774205e-02 1.923914581616421815e+00
1.134897360703812375e+01 9.989850701909619435e-02 1.924264121431489505e+00
1.136656891495601229e+01 9.995204829672477143e-02 1.924626262711620628e+00
1.138416422287389906e+01 1.000074488653822369e-01 1.925000972126795995e+00
1.140175953079178939e+01 1.000646258192938176e-01 1.925387688207735648e+00
1.141935483870967616e+01 1.001234252776262018e-01 1.925785369493140609e+00
1.143695014662756648e+01 1.001836357223575280e-01 1.926192584792472129e+00
1.145454545454545503e+01 1.002450064455390338e-01 1.926607637993422939e+00
1.147214076246334180e+01 1.003072695358694227e-01 1.927028716788607099e+00
1.148973607038123212e+01 1.003701635136893117e-01 1.927454052528674966e+00
1.150733137829912067e+01 1.004334565635858628e-01 1.927882077330614896e+00
1.152492668621700922e+01 1.004969673312474110e-01 1.928311564691401303e+00
1.154252199413489777e+01 1.005605814474683779e-01 1.928741741187453007e+00
1.156011730205278454e+01 1.006242623027235328e-01 1.929172359280768134e+00
1.157771260997067486e+01 1.006880550903872379e-01 1.929603724599059378e+00
1.159530791788856341e+01 1.007520837225066440e-01 1.930036675019106251e+00
1.161290322580645196e+01 1.008165408469813423e-01 1.930472513108029808e+00
1.163049853372434050e+01 1.008816718027238518e-01 1.930912897585465471e+00
1.164809384164222728e+01 1.009477538852318890e-01 1.931359703091571456e+00
1.166568914956011760e+01 1.010150727111026325e-01 1.931814860357780494e+00
1.168328445747800615e+01 1.010838977296015656e-01 1.932280190630733863e+00
1.170087976539589469e+01 1.011544590105583064e-01 1.932757248746865386e+00
1.171847507331378324e+01 1.012269273341872694e-01 1.933247188552179585e+00
1.173607038123167001e+01 1.013013993299148457e-01 1.933750662476548587e+00
1.175366568914956034e+01 1.013778889821460721e-01 1.934267764168102088e+00
1.177126099706744888e+01 1.014563262775899782e-01 1.934798019417865333e+00
1.178885630498533743e+01 1.015365631567972660e-01 1.935340426465770536e+00
1.180645161290322598e+01 1.016183863028102541e-01 1.935893542520900956e+00
1.182404692082111453e+01 1.017015357050633784e-01 1.936455609308304515e+00
1.184164222873900307e+01 1.017857274274483886e-01 1.937024707013953018e+00
1.185923753665689162e+01 1.018706786301757788e-01 1.937598923438241583e+00
1.187683284457478017e+01 1.019561326807756352e-01 1.938176523723550426e+00
1.189442815249266872e+01 1.020418821613023469e-01 1.938756105834168686e+00
1.191202346041055726e+01 1.021277877429166286e-01 1.939336728079819050e+00
1.192961876832844581e+01 1.022137912438299268e-01 1.939917997307603947e+00
1.194721407624633436e+01 1.022999216842048892e-01 1.940500109752345326e+00
1.196480938416422291e+01 1.023862937591096256e-01 1.941083840641997904e+00
1.198240469208211145e+01 1.024730988141827753e-01 1.941670483139163350e+00
1.200000000000000000e+01 1.025605890686557831e-01 1.942261741659100815e+00
1.201759530791788855e+01 1.026490564272175554e-01 1.942859588636513424e+00
1.203519061583577709e+01 1.027388077023688312e-01 1.943466097056449238e+00
1.205278592375366564e+01 1.028301383898998778e-01 1.944083263231697334e+00
1.207038123167155419e+01 1.029233072742807148e-01 1.944712835213432189e+00
1.208797653958944274e+01 1.030185140773545033e-01 1.945356161791005567e+00
1.210557184750733128e+01 1.031158821091619354e-01 1.946014075314086211e+00
1.212316715542521983e+01 1.032154474563657109e-01 1.946686818706988120e+00
1.214076246334310838e+01 1.033171556877785502e-01 1.947374023285993294e+00
1.215835777126099693e+01 1.034208664141451489e-01 1.948074739648313125e+00
1.217595307917888547e+01 1.035263653641388254e-01 1.948787519338368579e+00
1.219354838709677402e+01 1.036333829865516282e-01 1.949510540592288121e+00
1.221114369501466257e+01 1.037416180150449729e-01 1.950241767587629571e+00
1.222873900293255289e+01 1.038507639862766563e-01 1.950979129618070296e+00
1.224633431085043966e+01 1.039605364251232483e-01 1.951720704744485779e+00
1.226392961876832821e+01 1.040706983292288001e-01 1.952464891927474078e+00
1.228152492668621676e+01 1.041810817101325448e-01 1.953210556494871408e+00
1.229912023460410531e+01 1.042916032725146325e-01 1.953957135991660099e+00
1.231671554252199563e+01 1.044022728110194087e-01 1.954704696825329879e+00
1.233431085043988240e+01 1.045131935333206696e-01 1.955453936370955548e+00
1.235190615835777095e+01 1.046245542230300335e-01 1.956206129961811202e+00
1.236950146627565950e+01 1.047366138736894187e-01 1.956963027037678993e+00
1.238709677419354804e+01 1.048496800902017634e-01 1.957726705213834961e+00
1.240469208211143837e+01 1.049640831072043146e-01 1.958499394767809765e+00
1.242228739002932514e+01 1.050801476654887184e-01 1.959283288683670188e+00
1.243988269794721369e+01 1.051981651838135579e-01 1.960080354716601247e+00
1.245747800586510223e+01 1.053183686481949516e-01 1.960892165834964507e+00
1.247507331378299078e+01 1.054409124161377470e-01 1.961719763877427969e+00
1.249266862170088110e+01 1.055658587196062620e-01 1.962563568466525687e+00
1.251026392961876788e+01 1.056931720829008825e-01 1.963423339384368971e+00
1.252785923753665642e+01 1.058227221975212434e-01 1.964298196062325808e+00
1.254545454545454497e+01 1.059542950713430465e-01 1.965186692941434110e+00
1.256304985337243352e+01 1.060876115540108633e-01 1.966086944629535482e+00
1.258064516129032384e+01 1.062223516943286844e-01 1.966996790419615282e+00
1.259824046920821061e+01 1.063581828642527760e-01 1.967913984217218415e+00
1.261583577712609916e+01 1.064947892344835778e-01 1.968836393567503507e+00
1.263343108504398948e+01 1.066319000423491259e-01 1.969762190501777699e+00
1.265102639296187625e+01 1.067693141701826220e-01 1.970690017450108300e+00
1.266862170087976658e+01 1.069069188498825429e-01 1.971619113477923291e+00
1.268621700879765335e+01 1.070447008036907593e-01 1.972549389444030910e+00
1.270381231671554190e+01 1.071827487814920876e-01 1.973481445068586693e+00
1.272140762463343222e+01 1.073212472040455945e-01 1.974416525956936841e+00
1.273900293255131899e+01 1.074604614024546323e-01 1.975356423896431624e+00
1.275659824046920932e+01 1.076007156862669456e-01 1.976303328751850330e+00
1.277419354838709609e+01 1.077423661088479645e-01 1.977259644578731379e+00
1.279178885630498463e+01 1.078857702721501277e-01 1.978227785768462255e+00
1.280938416422287496e+01 1.080312567823890346e-01 1.979209970855641210e+00
1.282697947214076173e+01 1.081790970106641936e-01 1.980208031903307742e+00
1.284457478005865205e+01 1.083294816258607018e-01 1.981223256119372778e+00
1.286217008797653882e+01 1.084825039681580755e-01 1.982256273662249102e+00
1.287976539589442737e+01 1.086381517542910069e-01 1.983307001696039684e+00
1.289736070381231769e+01 1.087963078987648907e-01 1.984374649982633576e+00
1.291495601173020447e+01 1.089567604566371029e-01 1.985457788042223948e+00
1.293255131964809479e+01 1.091192209075939057e-01 1.986554468609614155e+00
1.295014662756598156e+01 1.092833492731276751e-01 1.987662397201569009e+00
1.296774193548387011e+01 1.094487839508219845e-01 1.988779133509911423e+00
1.298533724340176043e+01 1.096151737159409417e-01 1.989902307409134430e+00
1.300293255131964720e+01 1.097822091215846785e-01 1.991029830891716035e+00
1.302052785923753753e+01 1.099496505485062225e-01 1.992160087379898581e+00
1.303812316715542607e+01 1.101173504176832796e-01 1.993292081632147106e+00
1.305571847507331285e+01 1.102852675644731550e-01 1.994425536741305294e+00
1.307331378299120317e+01 1.104534724427785192e-01 1.995560929240657089e+00
1.309090909090908994e+01 1.106221426233197636e-01 1.996699458703638408e+00
1.310850439882698026e+01 1.107915489005456416e-01 1.997842953961921353e+00
1.312609970674486881e+01 1.109620331512943814e-01 1.998993723657944699e+00
1.314369501466275558e+01 1.111339798198631018e-01 2.000154363784484968e+00
1.316129032258064591e+01 1.113077834728020271e-01 2.001327538701139108e+00
1.317888563049853268e+01 1.114838152227074497e-01 2.002515754519452074e+00
1.319648093841642300e+01 1.116623909329424597e-01 2.003721144508337826e+00
1.321407624633431155e+01 1.118437439763524666e-01 2.004945285234088992e+00
1.323167155425219832e+01 1.120280049435235792e-01 2.006189059601388713e+00
1.324926686217008864e+01 1.122151901128502632e-01 2.007452579025551742e+00
1.326686217008797541e+01 1.124051997541395398e-01 2.008735171969026734e+00
1.328445747800586574e+01 1.125978265008973495e-01 2.010035440430163245e+00
1.330205278592375429e+01 1.127927731622110630e-01 2.011351380140752987e+00
1.331964809384164106e+01 1.129896785247710284e-01 2.012680554693323298e+00
1.333724340175953138e+01 1.131881489882959335e-01 2.014020309046431922e+00
1.335483870967741993e+01 1.133877933454636860e-01 2.015368004264636692e+00
1.337243401759530848e+01 1.135882577098180357e-01 2.016721253272669045e+00
1.339002932551319702e+01 1.137892575439730103e-01 2.018078137056348531e+00
1.340762463343108379e+01 1.139906039563951534e-01 2.019437382197735165e+00
1.342521994134897412e+01 1.141922219046317133e-01 2.020798483798608824e+00
1.344281524926686266e+01 1.143941586289395629e-01 2.022161762474251390e+00
1.346041055718475121e+01 1.145965814841590075e-01 2.023528349793165759e+00
1.347800586510263976e+01 1.147997652642687577e-01 2.024900102791233003e+00
1.349560117302052653e+01 1.150040700400230681e-01 2.026279454438520311e+00
1.351319648093841685e+01 1.152099113707968497e-01 2.027669212612436933e+00
1.353079178885630540e+01 1.154177254319172508e-01 2.029072324723551812e+00
1.354838709677419395e+01 1.156279320574425812e-01 2.030491628238766832e+00
1.356598240469208250e+01 1.158408988965508868e-01 2.031929608687338629e+00
1.358357771260996927e+01 1.160569098033713969e-01 2.033388186209759585e+00
1.360117302052785959e+01 1.162761402335407562e-01 2.034868549373912927e+00
1.361876832844574814e+01 1.164986418359597736e-01 2.036371051039108426e+00
1.363636363636363669e+01 1.167243376549435413e-01 2.037895175832551864e+00
1.365395894428152523e+01 1.169530284588076174e-01 2.039439582736455314e+00
1.367155425219941201e+01 1.171844097600241719e-01 2.041002219867249945e+00
1.368914956011730233e+01 1.174180981669947083e-01 2.042580502284130350e+00
1.370674486803519088e+01 1.176536648856821299e-01 2.044171538114889941e+00
1.372434017595307942e+01 1.178906735419596175e-01 2.045772383912605186e+00
1.374193548387096797e+01 1.181287190818743477e-01 2.047380307357701934e+00
1.375953079178885652e+01 1.183674643685468236e-01 2.048993034476841224e+00
1.377712609970674507e+01 1.186066712503679316e-01 2.050608959593813729e+00
1.379472140762463361e+01 1.188462233186687589e-01 2.052227299213348122e+00
1.381231671554252216e+01 1.190861382705620253e-01 2.053848175741219251e+00
1.382991202346041071e+01 1.193265686855129737e-01 2.055472622968163687e+00
1.384750733137829926e+01 1.195677910337302613e-01 2.057102512060401178e+00
1.386510263929618780e+01 1.198101837696729371e-01 2.058740403791639917e+00
1.388269794721407635e+01 1.200541963306017285e-01 2.060389339283504651e+00
1.390029325513196490e+01 1.203003116704537134e-01 2.062052587000436699e+00
1.391788856304985345e+01 1.205490055411657518e-01 2.063733367682728748e+00
1.393548387096774199e+01 1.208007060362116941e-01 2.065434580954379928e+00
1.395307917888563054e+01 1.210557569097892028e-01 2.067158557343027336e+00
1.397067448680351909e+01 1.213143878816926036e-01 2.068906857409674949e+00
1.398826979472140764e+01 1.215766945593135251e-01 2.070680135787178688e+00
1.400586510263929618e+01 1.218426298034392952e-01 2.072478082498946605e+00
1.402346041055718473e+01 1.221120073993389038e-01 2.074299447416118714e+00
1.404105571847507328e+01 1.223845178477604573e-01 2.076142146643373820e+00
1.405865102639296182e+01 1.226597550468364051e-01 2.078003442572783577e+00
1.407624633431085215e+01 1.229372516818686562e-01 2.079880182894422447e+00
1.409384164222873892e+01 1.232165203573614143e-01 2.081769078554202679e+00
1.411143695014662747e+01 1.234970969647081612e-01 2.083666996978636554e+00
1.412903225806451601e+01 1.237785825327409606e-01 2.085571245203587498e+00
1.414662756598240456e+01 1.240606798863195803e-01 2.087479818050558045e+00
1.416422287390029311e+01 1.243432218420603141e-01 2.089391589204774746e+00
1.418181818181818166e+01 1.246261883714137320e-01 2.091306427772629650e+00
1.419941348973607020e+01 1.249097111024289330e-01 2.093225229247871244e+00
1.421700879765395875e+01 1.251940646303138505e-01 2.095149857240758973e+00
1.423460410557184730e+01 1.254796452647533589e-01 2.097083000156100052e+00
1.425219941348973762e+01 1.257669389532561632e-01 2.099027954529813833e+00
1.426979472140762439e+01 1.260564810834699789e-01 2.100988353264371611e+00
1.428739002932551294e+01 1.263488115966413528e-01 2.102967861952540485e+00
1.430498533724340149e+01 1.266444292755143641e-01 2.104969869414042183e+00
1.432258064516129004e+01 1.269437491666162987e-01 2.106997199243735519e+00
1.434017595307917858e+01 1.272470668530992499e-01 2.109051867541242409e+00
1.435777126099706713e+01 1.275545327323065470e-01 2.111134908209436389e+00
1.437536656891495568e+01 1.278661386199403394e-01 2.113246281595767773e+00
1.439296187683284423e+01 1.281817179684871522e-01 2.115384875266411946e+00
1.441055718475073277e+01 1.285009598349800275e-01 2.117548597912035646e+00
1.442815249266862310e+01 1.288234355554832011e-01 2.119734559414169439e+00
1.444574780058650987e+01 1.291486359769566661e-01 2.121939322601294364e+00
1.446334310850439842e+01 1.294760161552369060e-01 2.124159205828361596e+00
1.448093841642228874e+01 1.298050437338595098e-01 2.126390610786158764e+00
1.449853372434017551e+01 1.301352468389444239e-01 2.128630347341442075e+00
1.451612903225806406e+01 1.304662573024380490e-01 2.130875927014403537e+00
1.453372434017595261e+01 1.307978453718833534e-01 2.133125799005033851e+00
1.455131964809384115e+01 1.311299427582395538e-01 2.135379507345286143e+00
1.456891495601173148e+01 1.314626518593501880e-01 2.137637754413276525e+00
1.458651026392961825e+01 1.317962401901354441e-01 2.139902364123854372e+00
1.460410557184750857e+01 1.321311203456761174e-01 2.142176146890701904e+00
1.462170087976539534e+01 1.324678171009503747e-01 2.144462677130339667e+00
1.463929618768328389e+01 1.328069243951701117e-01 2.146766001859962802e+00
1.465689149560117421e+01 1.331490558553505010e-01 2.149090305120067601e+00
1.467448680351906098e+01 1.334947931030616430e-01 2.151439556984739543e+00
1.469208211143694953e+01 1.338446363100168901e-01 2.153817177463765997e+00
1.470967741935483808e+01 1.341989613057424091e-01 2.156225744537089373e+00
1.472727272727272663e+01 1.345579870099928854e-01 2.158666771999159906e+00
1.474486803519061695e+01 1.349217561096489326e-01 2.161140577036730015e+00
1.476246334310850372e+01 1.352901307948717047e-01 2.163646249992106974e+00
1.478005865102639405e+01 1.356628041013302755e-01 2.166181730175178011e+00
1.479765395894428082e+01 1.360393260760443812e-01 2.168743982567670425e+00
1.481524926686216936e+01 1.364191427012866331e-01 2.171329261538661903e+00
1.483284457478005969e+01 1.368016443810576577e-01 2.173933439986265981e+00
1.485043988269794646e+01 1.371862199162197649e-01 2.176552376305870062e+00
1.486803519061583501e+01 1.375723113496967187e-01 2.179182287823396180e+00
1.488563049853372533e+01 1.379594649097385106e-01 2.181820098220939919e+00
1.490322580645161210e+01 1.383473735427679652e-01 2.184463728205400912e+00
1.492082111436950242e+01 1.387359071961120904e-01 2.187112303158791793e+00
1.493841642228738920e+01 1.391251280348840547e-01 2.189766258429622248e+00
1.495601173020527952e+01 1.395152890699500048e-01 2.192427331695811166e+00
1.497360703812316807e+01 1.399068161205652416e-01 2.195098441672845180e+00
1.499120234604105484e+01 1.403002745046269262e-01 2.197783462462263415e+00
1.500879765395894339e+01 1.406963232058505153e-01 2.200486912107545656e+00
1.502639296187683193e+01 1.410956603882924099e-01 2.203213581609957394e+00
1.504398826979472048e+01 1.414989649132538108e-01 2.205968136060801221e+00
1.506158357771261080e+01 1.419068388950987247e-01 2.208754722210260368e+00
1.507917888563049935e+01 1.423197562802518412e-01 2.211576616503218684e+00
1.509677419354838612e+01 1.427380219552194518e-01 2.214435944416774049e+00
1.511436950146627467e+01 1.431617450270310787e-01 2.217333496115008629e+00
1.513196480938416499e+01 1.435908287445498144e-01 2.220268655475810871e+00
1.514956011730205354e+01 1.440249781362397397e-01 2.223239450080474189e+00
1.516715542521994209e+01 1.444637249401628520e-01 2.226242719539201609e+00
1.518475073313782886e+01 1.449064679150338930e-01 2.229274389366020959e+00
1.520234604105571741e+01 1.453525252693007863e-01 2.232329828345674283e+00
1.521994134897360595e+01 1.458011948441402805e-01 2.235404259743542177e+00
1.523753665689149628e+01 1.462518169367480469e-01 2.238493191491991219e+00
1.525513196480938483e+01 1.467038343286208024e-01 2.241592828174737040e+00
1.527272727272727160e+01 1.471568442320358994e-01 2.244700428529315506e+00
1.529032258064516014e+01 1.476106374885336747e-01 2.247814576325777747e+00
1.530791788856305047e+01 1.480652214027081970e-01 2.250935339576965788e+00
1.532551319648093902e+01 1.485208239874952207e-01 2.254064302518165253e+00
1.534310850439882756e+01 1.489778790107833262e-01 2.257204465828133610e+00
1.536070381231671433e+01 1.494369929213921755e-01 2.260360022148728554e+00
1.537829912023460288e+01 1.498988963398449892e-01 2.263536025027283571e+00
1.539589442815249143e+01 1.503643841788080693e-01 2.266737978939023179e+00
1.541348973607038175e+01 1.508342494851071525e-01 2.269971385183965129e+00
1.543108504398827030e+01 1.513092166807351868e-01 2.273241282574513633e+00
1.544868035190616062e+01 1.517898799764163531e-01 2.276551822600374031e+00
1.546627565982404562e+01 1.522766523337560074e-01 2.279905916139779443e+00
1.548387096774193594e+01 1.527697294970910558e-01 2.283304983021544388e+00
1.550146627565982449e+01 1.532690723757927920e-01 2.286748827315943089e+00
1.551906158357771304e+01 1.537744095316647130e-01 2.290235650817698865e+00
1.553665689149560336e+01 1.542852598353667837e-01 2.293762205601979076e+00
1.555425219941348836e+01 1.548009736334117481e-01 2.297324074687205453e+00
1.557184750733137690e+01 1.553207891537723706e-01 2.300916058685962273e+00
1.558944281524926723e+01 1.558438995076103228e-01 2.304532636789142330e+00
1.560703812316715577e+01 1.563695246412263595e-01 2.308168463370555035e+00
1.562463343108504610e+01 1.568969820537902404e-01 2.311818857608554101e+00
1.564222873900293109e+01 1.574257500870002990e-01 2.315480243263523530e+00
1.565982404692082142e+01 1.579555181316003309e-01 2.319150499282983002e+00
1.567741935483870996e+01 1.584862191510084950e-01 2.322829189037208142e+00
1.569501466275659851e+01 1.590180414116748042e-01 2.326517646168667852e+00
1.571260997067448884e+01 1.595514181042433088e-01 2.330218907390561256e+00
1.573020527859237383e+01 1.600869954774570836e-01 2.333937495979308885e+00
1.574780058651026238e+01 1.606255820094086018e-01 2.337679072933259938e+00
1.576539589442815270e+01 1.611680828328575787e-01 2.341449984591417621e+00
1.578299120234604125e+01 1.617154249592039350e-01 2.345256744844136154e+00
1.580058651026393157e+01 1.622684796923523631e-01 2.349105496098824020e+00
1.581818181818181657e+01 1.628279889187408958e-01 2.353001495387208042e+00
1.583577712609970689e+01 1.633945016826087449e-01 2.356948670261791001e+00
1.585337243401759544e+01 1.639683266341496193e-01 2.360949283609543148e+00
1.587096774193548399e+01 1.645495046423127994e-01 2.365003737680069218e+00
1.588856304985337431e+01 1.651378041990733125e-01 2.369110536197826633e+00
1.590615835777125930e+01 1.657327403386010534e-01 2.373266410290738815e+00
1.592375366568914785e+01 1.663336158023826783e-01 2.377466600140605735e+00
1.594134897360703818e+01 1.669395812578667593e-01 2.381705270827027654e+00
1.595894428152492672e+01 1.675497096832044563e-01 2.385976028901243051e+00
1.597653958944281705e+01 1.681630787110415248e-01 2.390272496818976133e+00
1.599413489736070204e+01 1.687788539078557415e-01 2.394588896393614164e+00
1.601173020527859236e+01 1.693963657407822343e-01 2.398920590555067456e+00
1.602932551319647914e+01 1.700151733943854049e-01 2.403264535258197387e+00
1.604692082111436946e+01 1.706351096303410642e-01 2.407619600315184183e+00
1.606451612903225978e+01 1.712563024575603499e-01 2.411986728735073804e+00
1.608211143695014655e+01 1.718791713666985299e-01 2.416368917941605243e+00
1.609970674486803333e+01 1.725043981028440421e-01 2.420771021769580145e+00
1.611730205278592365e+01 1.731328741999269283e-01 2.425199387981349375e+00
1.613489736070381397e+01 1.737656295707457332e-01 2.429661360717372709e+00
1.615249266862170074e+01 1.744037481482470231e-01 2.434164689450414532e+00
1.617008797653959107e+01 1.750482777548866276e-01 2.438716894563470294e+00
1.618768328445747784e+01 1.757001419374674411e-01 2.443324643892976322e+00
1.620527859237536461e+01 1.763600614025806201e-01 2.447993194155251295e+00
1.622287390029325493e+01 1.770284919371845900e-01 2.452725946187898298e+00
1.624046920821114526e+01 1.777055843664975543e-01 2.457524153835025871e+00
1.625806451612903203e+01 1.783911702957044765e-01 2.462386813822436515e+00
1.627565982404691880e+01 1.790847752453204600e-01 2.467310749078274856e+00
1.629325513196480912e+01 1.797856584876532937e-01 2.472290881789211081e+00
1.631085043988269945e+01 1.804928766040817534e-01 2.477320676288427226e+00
1.632844574780058622e+01 1.812053656944578872e-01 2.482392716938891297e+00
1.634604105571847654e+01 1.819220354593555078e-01 2.487499373769562538e+00
1.636363636363636331e+01 1.826418672021020984e-01 2.492633499894745697e+00
1.638123167155425008e+01 1.833640072831584089e-01 2.497789100613998947e+00
1.639882697947214041e+01 1.840878477778571110e-01 2.502961915136094895e+00
1.641642228739003073e+01 1.848130870477494858e-01 2.508149858221497386e+00
1.643401759530792106e+01 1.855397645734398748e-01 2.513353280314445382e+00
1.645161290322580427e+01 1.862682665797548709e-01 2.518575020039632406e+00
1.646920821114369460e+01 1.869993015194962305e-01 2.523820240922066027e+00
1.648680351906158492e+01 1.877338471372773931e-01 2.529096063196308641e+00
1.650439882697947169e+01 1.884730733629941535e-01 2.534411019823021416e+00
1.652199413489736202e+01 1.892182474507365098e-01 2.539774381621118238e+00
1.653958944281524879e+01 1.899706293894155851e-01 2.545195408331318188e+00
1.655718475073313556e+01 1.907313665254499746e-01 2.550682589411449985e+00
1.657478005865102588e+01 1.915013964848807648e-01 2.556242939887873433e+00
1.659237536656891621e+01 1.922813668574759605e-01 2.561881412585906403e+00
1.660997067448680298e+01 1.930715787673295547e-01 2.567600478921348461e+00
1.662756598240468975e+01 1.938719595142782137e-01 2.573399916912060714e+00
1.664516129032258007e+01 1.946820670811638676e-01 2.579276828214061013e+00
1.666275659824047040e+01 1.955011266470079168e-01 2.585225887067855055e+00
1.668035190615835717e+01 1.963280965299832315e-01 2.591239804481391573e+00
1.669794721407624749e+01 1.971617584213294638e-01 2.597309972290957614e+00
1.671554252199413426e+01 1.980008245757912122e-01 2.603427235467203449e+00
1.673313782991202103e+01 1.988440529930465273e-01 2.609582728624923131e+00
1.675073313782991136e+01 1.996903607225909427e-01 2.615768705409179162e+00
1.676832844574780168e+01 2.005389253631063295e-01 2.621979288169463462e+00
1.678592375366569200e+01 2.013892656478060428e-01 2.628211070508875036e+00
1.680351906158357522e+01 2.022412936682879137e-01 2.634463516715411124e+00
1.682111436950146555e+01 2.030953336635367701e-01 2.640739118908403515e+00
1.683870967741935587e+01 2.039521051824557396e-01 2.647043293523394514e+00
1.685630498533724264e+01 2.048126715549161980e-01 2.653384021613389265e+00
1.687390029325513296e+01 2.056783576857701135e-01 2.659771260212033361e+00
1.689149560117301974e+01 2.065506439312092268e-01 2.666216172540531115e+00
1.690909090909090651e+01 2.074310449768466402e-01 2.672730241256373152e+00
1.692668621700879683e+01 2.083209840214241271e-01 2.679324339785626119e+00
1.694428152492668715e+01 2.092216730684736403e-01 2.686007841187709300e+00
1.696187683284457393e+01 2.101340097071880408e-01 2.692787841678133454e+00
1.697947214076246425e+01 2.110584994697380923e-01 2.699668567171391143e+00
1.699706744868035102e+01 2.119952107954332921e-01 2.706651016752972705e+00
1.701466275659824134e+01 2.129437669759107477e-01 2.713732877977283575e+00
1.703225806451612812e+01 2.139033764030224827e-01 2.720908726731904093e+00
1.704985337243401844e+01 2.148728992234947288e-01 2.728170500734176773e+00
1.706744868035190876e+01 2.158509453705759473e-01 2.735508212310113763e+00
1.708504398826979198e+01 2.168359961466044261e-01 2.742910844802205705e+00
1.710263929618768231e+01 2.178265393160377095e-01 2.750367359601451511e+00
1.712023460410557263e+01 2.188212062501145028e-01 2.757867729077895014e+00
1.713782991202346295e+01 2.198188992043207945e-01 2.765403905942525942e+00
1.715542521994134972e+01 2.208188973938341459e-01 2.772970642625967930e+00
1.717302052785923649e+01 2.218209321517805865e-01 2.780566085226261475e+00
1.719061583577712682e+01 2.228252239973710080e-01 2.788192084771920598e+00
1.720821114369501359e+01 2.238324776932106019e-01 2.795854192483007150e+00
1.722580645161290391e+01 2.248438350394034724e-01 2.803561333232091890e+00
1.724340175953079424e+01 2.258607888940685482e-01 2.811325179917660400e+00
1.726099706744867746e+01 2.268850653736377010e-01 2.819159278251141210e+00
1.727859237536656778e+01 2.279184840508430843e-01 2.827077994013998286e+00
1.729618768328445810e+01 2.289628079784315484e-01 2.835095371139629616e+00
1.731378299120234487e+01 2.300195963544690303e-01 2.843223997656728397e+00
1.733137829912023520e+01 2.310900725404392286e-01 2.851473976984355119e+00
1.734897360703812197e+01 2.321750189693957966e-01 2.859852094391422739e+00
1.736656891495601229e+01 2.332747083444403902e-01 2.868361253342154082e+00
1.738416422287389906e+01 2.343888775999654894e-01 2.877000235145267926e+00
1.740175953079178939e+01 2.355167476032829221e-01 2.885763809384787937e+00
1.741935483870967971e+01 2.366570877734378298e-01 2.894643193890032329e+00
1.743695014662756293e+01 2.378083209744276949e-01 2.903626833579679989e+00
1.745454545454545325e+01 2.389686605018628285e-01 2.912701439619937993e+00
1.747214076246334358e+01 2.401362680249562731e-01 2.921853206280456305e+00
1.748973607038123390e+01 2.413094192438598740e-01 2.931069104870485109e+00
1.750733137829912067e+01 2.424866630033833681e-01 2.940338144150473010e+00
1.752492668621700744e+01 2.436669598123322178e-01 2.949652486031208554e+00
1.754252199413489777e+01 2.448497871945178039e-01 2.959008314820370522e+00
1.756011730205278454e+01 2.460352019572348004e-01 2.968406377373551841e+00
1.757771260997067486e+01 2.472238530947545032e-01 2.977852138826539985e+00
1.759530791788856519e+01 2.484169433261049775e-01 2.987355531730092828e+00
1.761290322580644840e+01 2.496161417989644915e-01 2.996930312263870633e+00
1.763049853372433873e+01 2.508234548462180968e-01 3.006593072330375538e+00
1.764809384164222905e+01 2.520410654497143854e-01 3.016361987371178888e+00
1.766568914956011582e+01 2.532711549050569722e-01 3.026255403855180326e+00
1.768328445747800615e+01 2.545157218491462259e-01 3.036290385495131527e+00
1.770087976539589647e+01 2.557764141822337911e-01 3.046481342220285882e+00
1.771847507331378324e+01 2.570543884782359179e-01 3.056838860563360516e+00
1.773607038123167001e+01 2.583502093249185338e-01 3.067368839018935756e+00
1.775366568914956034e+01 2.596637978482557174e-01 3.078072008354531874e+00
1.777126099706745066e+01 2.609944346979360397e-01 3.088943886553895624e+00
1.778885630498533743e+01 2.623408182976526559e-01 3.099975183161126413e+00
1.780645161290322420e+01 2.637011745244896566e-01 3.111152630693238663e+00
1.782404692082111453e+01 2.650734095304105309e-01 3.122460184174880915e+00
1.784164222873900485e+01 2.664552935181428439e-01 3.133880496589992681e+00
1.785923753665689162e+01 2.678446602829134826e-01 3.145396551065968715e+00
1.787683284457478194e+01 2.692396055365923191e-01 3.156993312659098994e+00
1.789442815249266872e+01 2.706386666682407682e-01 3.168659255954900278e+00
1.791202346041055549e+01 2.720409677735713960e-01 3.180387630726272175e+00
1.792961876832844581e+01 2.734463164697072401e-01 3.192177346823155570e+00
1.794721407624633613e+01 2.748552430048382123e-01 3.204033390116452384e+00
1.796480938416422291e+01 2.762689771317493048e-01 3.215966721135165685e+00
1.798240469208210968e+01 2.776893636811625932e-01 3.227993653324963130e+00
1.800000000000000000e+01 2.791187232254763173e-01 3.240134754235872272e+00
