0.000000000000000000e+00 6.308950109336883827e-01 8.722377373717712601e+00
1.759530791788856130e-02 6.306893375533760837e-01 8.716261667370837074e+00
3.519061583577712260e-02 6.300726931503335404e-01 8.697965795792940824e+00
5.278592375366569084e-02 6.290462045221527632e-01 8.667642455319398920e+00
7.038123167155424520e-02 6.276117482124973224e-01 8.625542690947790803e+00
8.797653958944282038e-02 6.257719481140789908e-01 8.572010853869455715e+00
1.055718475073313817e-01 6.235301717109518194e-01 8.507477796867826569e+00
1.231671554252199430e-01 6.208905246348598306e-01 8.432452546737863486e+00
1.407624633431084904e-01 6.178578432139323340e-01 8.347512739780086122e+00
1.583577712609970656e-01 6.144376847468817626e-01 8.253294138961747350e+00
1.759530791788856408e-01 6.106363153346755501e-01 8.150479568194141322e+00
1.935483870967741882e-01 6.064606952298705611e-01 8.039787600010663837e+00
2.111436950146627634e-01 6.019184618028114997e-01 7.921961318458728307e+00
2.287390029325513108e-01 5.970179103532480269e-01 7.797757450933364254e+00
2.463343108504398860e-01 5.917679730969368501e-01 7.667936123522487435e+00
2.639296187683284334e-01 5.861781967146099115e-01 7.533251447337142359e+00
2.815249266862169808e-01 5.802587188574918065e-01 7.394443091729171691e+00
2.991202346041055837e-01 5.740202439588860672e-01 7.252228947712334950e+00
3.167155425219941312e-01 5.674740186123038432e-01 7.107298934462507489e+00
3.343108504398826786e-01 5.606318066575042280e-01 6.960309956120088515e+00
3.519061583577712815e-01 5.535058639844170347e-01 6.811881977168133595e+00
3.695014662756598289e-01 5.461089129417276977e-01 6.662595153576557294e+00
3.870967741935483764e-01 5.384541161402549569e-01 6.512987934067788309e+00
4.046920821114369238e-01 5.305550493859236827e-01 6.363556030994006463e+00
4.222873900293255267e-01 5.224256734712290351e-01 6.214752152606523694e+00
4.398826979472141296e-01 5.140803045988662223e-01 6.066986386787095675e+00
4.574780058651026216e-01 5.055335832995128120e-01 5.920627129249387721e+00
4.750733137829911690e-01 4.968004418250485665e-01 5.776002455461166640e+00
4.926686217008797719e-01 4.878960701309095205e-01 5.633401843835395439e+00
5.102639296187683193e-01 4.788358806876653051e-01 5.493078167054370908e+00
5.278592375366568668e-01 4.696354724639482114e-01 5.355249877929950664e+00
5.454545454545454142e-01 4.603105944861761167e-01 5.220103325428867791e+00
5.630498533724339616e-01 4.508771093963641619e-01 5.087795145096770000e+00
5.806451612903226200e-01 4.413509573962149934e-01 4.958454675982052251e+00
5.982404692082111675e-01 4.317481208890821542e-01 4.832186363304802335e+00
6.158357771260997149e-01 4.220845900230480452e-01 4.709072112630076745e+00
6.334310850439882623e-01 4.123763292144853043e-01 4.589173567309985380e+00
6.510263929618768097e-01 4.026392446099691380e-01 4.472534286561515415e+00
6.686217008797653572e-01 3.928891523426669696e-01 4.359181806819107940e+00
6.862170087976539046e-01 3.831417473713661925e-01 4.249129573963910111e+00
7.038123167155425630e-01 3.734125726650314725e-01 4.142378738660454474e+00
7.214076246334311104e-01 3.637169885154186155e-01 4.038919811258955050e+00
7.390029325513196579e-01 3.540701418211018026e-01 3.938734176466899495e+00
7.565982404692082053e-01 3.444869352779321714e-01 3.841795471163439224e+00
7.741935483870967527e-01 3.349819965198239657e-01 3.748070831256939073e+00
7.917888563049854111e-01 3.255696473632620491e-01 3.657522015321847508e+00
8.093841642228738475e-01 3.162638734037531152e-01 3.570106413897048192e+00
8.269794721407623950e-01 3.070782942790131753e-01 3.485777953817847941e+00
8.445747800586510534e-01 2.980261349436332807e-01 3.404487906869657632e+00
8.621700879765396008e-01 2.891201982898049527e-01 3.326185611500284356e+00
8.797653958944282593e-01 2.803728394011056335e-01 3.250819115441457630e+00
8.973607038123166957e-01 2.717959416489598712e-01 3.178335746005699125e+00
9.149560117302052431e-01 2.634008947456668026e-01 3.108682613673123374e+00
9.325513196480939015e-01 2.551985747675195038e-01 3.041807053479946177e+00
9.501466275659823379e-01 2.471993260698716610e-01 2.977657007752906537e+00
9.677419354838709964e-01 2.394129449448663960e-01 2.916181352960670381e+00
9.853372434017595438e-01 2.318486648299827591e-01 2.857330172898874476e+00
1.002932551319648091e+00 2.245151428654112435e-01 2.801054980086752355e+00
1.020527859237536639e+00 2.174204476196396618e-01 2.747308887103135699e+00
1.038123167155425186e+00 2.105720478502529913e-01 2.696046729584604229e+00
1.055718475073313734e+00 2.039768022324325580e-01 2.647225142699623390e+00
1.073313782991202281e+00 1.976409500605945668e-01 2.600802593051242173e+00
1.090909090909090828e+00 1.915701029983568893e-01 2.556739368108127408e+00
1.108504398826979376e+00 1.857692380091347240e-01 2.514997525395008093e+00
1.126099706744867923e+00 1.802426916370757637e-01 2.475540803781071997e+00
1.143695014662756693e+00 1.749941558218792992e-01 2.438334499297467151e+00
1.161290322580645240e+00 1.700266754207835351e-01 2.403345308014984472e+00
1.178885630498533788e+00 1.653426475796341832e-01 2.370541138653082580e+00
1.196480938416422335e+00 1.609438230473616560e-01 2.339890897802167302e+00
1.214076246334310660e+00 1.568313094715370892e-01 2.311364250952203214e+00
1.231671554252199430e+00 1.530055766539707707e-01 2.284931362945028077e+00
1.249266862170087977e+00 1.494664636913749511e-01 2.260562622001793365e+00
1.266862170087976525e+00 1.462131878822552356e-01 2.238228352094540075e+00
1.284457478005865072e+00 1.432443552509763685e-01 2.217898519084056108e+00
1.302052785923753619e+00 1.405579725248189971e-01 2.199542436667577761e+00
1.319648093841642389e+00 1.381514603993396206e-01 2.183128478689135843e+00
1.337243401759530714e+00 1.360216679397074913e-01 2.168623804680447797e+00
1.354838709677419262e+00 1.341648879878190870e-01 2.155994105544273065e+00
1.372434017595307809e+00 1.325768734735568444e-01 2.145203376008684604e+00
1.390029325513196357e+00 1.312528545602406893e-01 2.136213719841677960e+00
1.407624633431085126e+00 1.301875565858962858e-01 2.128985192825953110e+00
1.425219941348973673e+00 1.293752187910232887e-01 2.123475687197342143e+00
1.442815249266862221e+00 1.288096138479327135e-01 2.119640859722209392e+00
1.460410557184750768e+00 1.284840682248640509e-01 2.117434103930366351e+00
1.478005865102639316e+00 1.283914834288251428e-01 2.116806565345594304e+00
1.495601173020527863e+00 1.285243581732835871e-01 2.117707196978980910e+00
1.513196480938416411e+00 1.288748115099134506e-01 2.120082850973662225e+00
1.530791788856304958e+00 1.294346069471544458e-01 2.123878401191066523e+00
1.548387096774193505e+00 1.301951775526027921e-01 2.129036890757931566e+00
1.565982404692082053e+00 1.311476520023816261e-01 2.135499698169847971e+00
1.583577712609970822e+00 1.322828815005400172e-01 2.143206715461565270e+00
1.601173020527859370e+00 1.335914674485438047e-01 2.152096532178120913e+00
1.618768328445747695e+00 1.350637897030213530e-01 2.162106619369411398e+00
1.636363636363636243e+00 1.366900352241753880e-01 2.173173508535668041e+00
1.653958944281524790e+00 1.384602268924551849e-01 2.185232961320692446e+00
1.671554252199413559e+00 1.403642522618129551e-01 2.198220126737092439e+00
1.689149560117302107e+00 1.423918920271838306e-01 2.212069683768663086e+00
1.706744868035190654e+00 1.445328480128726389e-01 2.226715968288122571e+00
1.724340175953079202e+00 1.467767705358793973e-01 2.242093084312317242e+00
1.741935483870967749e+00 1.491132850597312598e-01 2.258135000648505919e+00
1.759530791788856519e+00 1.515320181235090824e-01 2.274775634917933331e+00
1.777126099706744844e+00 1.540226225990328213e-01 2.291948927728032714e+00
1.794721407624633391e+00 1.565748023873744510e-01 2.309588910354175795e+00
1.812316715542521939e+00 1.591783367052215792e-01 2.327629769643472901e+00
1.829912023460410486e+00 1.618231041251387836e-01 2.346005913935557352e+00
1.847507331378299256e+00 1.644991065175423484e-01 2.364652043595787845e+00
1.865102639296187803e+00 1.671964929961631263e-01 2.383503229284846370e+00
1.882697947214076351e+00 1.699055838971037513e-01 2.402495000381144497e+00
1.900293255131964676e+00 1.726168947325842917e-01 2.421563445091070133e+00
1.917888563049853445e+00 1.753211599654517783e-01 2.440645322809898321e+00
1.935483870967741993e+00 1.780093563627070663e-01 2.459678188331128723e+00
1.953079178885630762e+00 1.806727256187010966e-01 2.478600526643992108e+00
1.970674486803519088e+00 1.833027959025011477e-01 2.497351896399479187e+00
1.988269794721407413e+00 1.858914019866236278e-01 2.515873079732908746e+00
2.005865102639296182e+00 1.884307036582633377e-01 2.534106236041734128e+00
2.023460410557184730e+00 1.909132021960833481e-01 2.551995057527264965e+00
2.041055718475073277e+00 1.933317548066096347e-01 2.569484924772057699e+00
2.058651026392961825e+00 1.956795870408564453e-01 2.586523061257654632e+00
2.076246334310850372e+00 1.979503033376146803e-01 2.603058686419344347e+00
2.093841642228738920e+00 2.001378959477047859e-01 2.619043167461405197e+00
2.111436950146627467e+00 2.022367525680973388e-01 2.634430170599465715e+00
2.129032258064516014e+00 2.042416630446959036e-01 2.649175812560246257e+00
2.146627565982404562e+00 2.061478254822483314e-01 2.663238812996886473e+00
2.164222873900293109e+00 2.079508520303803565e-01 2.676580647962755855e+00
2.181818181818181657e+00 2.096467745044652276e-01 2.689165703776418059e+00
2.199413489736070648e+00 2.112320498630266274e-01 2.700961429602271480e+00
2.217008797653958752e+00 2.127035654180363389e-01 2.711938486000926574e+00
2.234604105571847743e+00 2.140586435211414562e-01 2.722070885728115286e+00
2.252199413489735846e+00 2.152950453665931629e-01 2.731336122334052874e+00
2.269794721407624394e+00 2.164109734960263376e-01 2.739715281767435062e+00
2.287390029325513385e+00 2.174050725906351567e-01 2.747193132303336061e+00
2.304985337243401489e+00 2.182764281946505402e-01 2.753758188716993960e+00
2.322580645161290480e+00 2.190245631242480895e-01 2.759402747673440626e+00
2.340175953079178583e+00 2.196494314647390866e-01 2.764122892691837308e+00
2.357771260997067575e+00 2.201514102270801521e-01 2.767918468618162819e+00
2.375366568914956122e+00 2.205312889002640497e-01 2.770793027116076779e+00
2.392961876832844670e+00 2.207902572769194494e-01 2.772753746075860892e+00
2.410557184750733217e+00 2.209298920262710020e-01 2.773811326879461081e+00
2.428152492668621321e+00 2.209521425280773221e-01 2.773979874027204584e+00
2.445747800586510312e+00 2.208593164575005652e-01 2.773276761673604263e+00
2.463343108504398860e+00 2.206540655267847095e-01 2.771722491152264212e+00
2.480938416422287407e+00 2.203393716560153315e-01 2.769340542678827788e+00
2.498533724340175954e+00 2.199185336799774904e-01 2.766157223250142128e+00
2.516129032258064502e+00 2.193951545231236089e-01 2.762201511485296912e+00
2.533724340175953049e+00 2.187731286136647968e-01 2.757504898971744112e+00
2.551319648093841597e+00 2.180566291824923564e-01 2.752101226760926167e+00
2.568914956011730144e+00 2.172500950200077219e-01 2.746026515135914892e+00
2.586510263929618691e+00 2.163582162541301535e-01 2.739318784723938638e+00
2.604105571847507239e+00 2.153859187672081676e-01 2.732017867453715443e+00
2.621700879765395786e+00 2.143383469813590902e-01 2.724165206698538899e+00
2.639296187683284778e+00 2.132208448962377711e-01 2.715803647078512295e+00
2.656891495601172881e+00 2.120389354400025739e-01 2.706977215655312019e+00
2.674486803519061429e+00 2.107982983702586521e-01 2.697730897460442367e+00
2.692082111436949976e+00 2.095047471138713757e-01 2.688110409278941848e+00
2.709677419354838523e+00 2.081642050432726820e-01 2.678161976224782137e+00
2.727272727272727515e+00 2.067826817382457383e-01 2.667932115799670267e+00
2.744868035190615618e+00 2.053662497701742584e-01 2.657467433795493772e+00
2.762463343108504610e+00 2.039210224723582987e-01 2.646814435616227534e+00
2.780058651026392713e+00 2.024531330353541436e-01 2.636019355451157065e+00
2.797653958944281705e+00 2.009687151069123878e-01 2.625128004365459233e+00
2.815249266862170252e+00 1.994738849025679550e-01 2.614185636948585856e+00
2.832844574780058355e+00 1.979747246674907479e-01 2.603236834842693082e+00
2.850439882697947347e+00 1.964772671935253734e-01 2.592325404411784273e+00
2.868035190615835450e+00 1.949874810040517215e-01 2.581494285120625953e+00
2.885630498533724442e+00 1.935112557839736291e-01 2.570785464936321318e+00
2.903225806451612989e+00 1.920543876561757457e-01 2.560239899255726481e+00
2.920821114369501537e+00 1.906225639848335152e-01 2.549897430454285185e+00
2.938416422287390084e+00 1.892213475091659991e-01 2.539796706057543929e+00
2.956011730205278631e+00 1.878561597622149248e-01 2.529975094630946053e+00
2.973607038123167179e+00 1.865322638888168294e-01 2.520468599626450423e+00
2.991202346041055726e+00 1.852547471250406697e-01 2.511311772474301929e+00
3.008797653958944274e+00 1.840285033201266851e-01 2.502537627042669133e+00
3.026392961876832821e+00 1.828582159571450483e-01 2.494177558112947057e+00
3.043988269794721369e+00 1.817483421519223152e-01 2.486261266683410742e+00
3.061583577712609916e+00 1.807030980790602925e-01 2.478816694710189505e+00
3.079178885630498907e+00 1.797264461936307622e-01 2.471869971359089035e+00
3.096774193548387011e+00 1.788220844973748835e-01 2.465445372047418093e+00
3.114369501466275558e+00 1.779934379534061362e-01 2.459565290602304888e+00
3.131964809384164106e+00 1.772436520006225591e-01 2.454250223867585401e+00
3.149560117302052653e+00 1.765755879755494806e-01 2.449518767170489664e+00
3.167155425219941645e+00 1.759918201314663033e-01 2.445387618319443401e+00
3.184750733137829748e+00 1.754946338651199311e-01 2.441871587326901683e+00
3.202346041055718739e+00 1.750860247284275473e-01 2.438983608888418697e+00
3.219941348973606843e+00 1.747676978194350750e-01 2.436734754818001836e+00
3.237536656891495390e+00 1.745410672107562955e-01 2.435134244119213420e+00
3.255131964809384382e+00 1.744072551769923762e-01 2.434189449106724634e+00
3.272727272727272485e+00 1.743670911133498314e-01 2.433905896903433064e+00
3.290322580645161477e+00 1.744211101806959208e-01 2.434287266621723234e+00
3.307917888563049580e+00 1.745695518513692146e-01 2.435335383485778937e+00
3.325513196480938571e+00 1.748123586493190718e-01 2.437050211959584711e+00
3.343108504398827119e+00 1.751491754636733955e-01 2.439429850520525189e+00
3.360703812316715666e+00 1.755793498564920119e-01 2.442470530994800271e+00
3.378299120234604214e+00 1.761019337776005833e-01 2.446166625311342990e+00
3.395894428152492317e+00 1.767156870418205572e-01 2.450510662135212403e+00
3.413489736070381309e+00 1.774190828218748794e-01 2.455493355144989565e+00
3.431085043988269856e+00 1.782103152740256435e-01 2.461103643790766071e+00
3.448680351906158403e+00 1.790873092573938563e-01 2.467328746305718745e+00
3.466275659824046951e+00 1.800477319490988160e-01 2.474154223660854246e+00
3.483870967741935498e+00 1.810890060135970092e-01 2.481564052169376478e+00
3.501466275659824046e+00 1.822083238730028698e-01 2.489540701681282719e+00
3.519061583577713037e+00 1.834026625594931681e-01 2.498065215855608923e+00
3.536656891495601140e+00 1.846687986204714471e-01 2.507117290924312680e+00
3.554252199413489688e+00 1.860033225951411850e-01 2.516675349694038832e+00
3.571847507331378235e+00 1.874026526839134010e-01 2.526716608250840324e+00
3.589442815249266783e+00 1.888630473795583353e-01 2.537217133874611008e+00
3.607038123167155774e+00 1.903806170049612001e-01 2.548151893927451006e+00
3.624633431085043878e+00 1.919513342867421590e-01 2.559494796818426288e+00
3.642228739002932869e+00 1.935710442643505946e-01 2.571218727410254701e+00
3.659824046920820972e+00 1.952354739692043484e-01 2.583295580269852731e+00
3.677419354838709520e+00 1.969402423895985355e-01 2.595696294838362839e+00
3.695014662756598511e+00 1.986808712521122566e-01 2.608390896809551052e+00
3.712609970674486615e+00 2.004527970942958370e-01 2.621348549710530662e+00
3.730205278592375606e+00 2.022513849803320440e-01 2.634537619886267557e+00
3.747800586510263710e+00 2.040719440336861701e-01 2.647925756873136027e+00
3.765395894428152701e+00 2.059097447484607990e-01 2.661479989635723520e+00
3.782991202346041248e+00 2.077600378195429698e-01 2.675166837508111684e+00
3.800586510263929352e+00 2.096180740284498967e-01 2.688952433123617869e+00
3.818181818181817899e+00 2.114791245637668848e-01 2.702802653334491989e+00
3.835777126099706891e+00 2.133385010641424551e-01 2.716683253287631050e+00
3.853372434017595438e+00 2.151915746628121351e-01 2.730559998562489099e+00
3.870967741935483986e+00 2.170337933897389937e-01 2.744398790647723629e+00
3.888563049853372089e+00 2.188606974445455600e-01 2.758165782014086354e+00
3.906158357771261525e+00 2.206679320732207739e-01 2.771827478528158473e+00
3.923753665689149628e+00 2.224512580383035953e-01 2.785350828769979525e+00
3.941348973607038175e+00 2.242065599340177795e-01 2.798703301738387328e+00
3.958944281524926723e+00 2.259298528311140808e-01 2.811852956197638420e+00
3.976539589442814826e+00 2.276172879098972146e-01 2.824768506291523984e+00
3.994134897360704262e+00 2.292651578297364434e-01 2.837419388821988075e+00
4.011730205278592365e+00 2.308699025751011491e-01 2.849775837623637287e+00
4.029325513196480912e+00 2.324281164101006381e-01 2.861808969721873819e+00
4.046920821114369460e+00 2.339365563768655842e-01 2.873490886500676744e+00
4.064516129032258007e+00 2.353921525111235813e-01 2.884794791085536936e+00
4.082111436950146555e+00 2.367920196534492872e-01 2.895695120808808642e+00
4.099706744868035102e+00 2.381334704446983752e-01 2.906167691263414010e+00
4.117302052785923649e+00 2.394140288471678646e-01 2.916189846376229688e+00
4.134897360703812197e+00 2.406314433628179705e-01 2.925740607430602935e+00
4.152492668621700744e+00 2.417836990506969930e-01 2.934800813256983165e+00
4.170087976539589292e+00 2.428690274895173862e-01 2.943353244015466608e+00
4.187683284457477839e+00 2.438859139851678737e-01 2.951382722117456670e+00
4.205278592375366387e+00 2.448331015695633384e-01 2.958876185757975286e+00
4.222873900293254934e+00 2.457095916467469388e-01 2.965822733027112079e+00
4.240469208211143481e+00 2.465146414754558202e-01 2.972213637324988778e+00
4.258064516129032029e+00 2.472477589920983876e-01 2.978042337468585821e+00
4.275659824046920576e+00 2.479086957327881757e-01 2.983304408098810701e+00
4.293255131964809124e+00 2.484974387742319712e-01 2.987997517479077825e+00
4.310850439882698559e+00 2.490142026585636381e-01 2.992121380319297419e+00
4.328445747800586219e+00 2.494594221894913533e-01 2.995677712784045266e+00
4.346041055718474766e+00 2.498337467950097757e-01 2.998670195407584949e+00
4.363636363636363313e+00 2.501380368692723288e-01 3.001104447429682853e+00
4.381231671554251861e+00 2.503733621685271804e-01 3.002988013375587073e+00
4.398826979472141296e+00 2.505410019868962723e-01 3.004330359894531011e+00
4.416422287390028956e+00 2.506424465220945530e-01 3.005142878320983701e+00
4.434017595307917503e+00 2.506793986004909880e-01 3.005438886482881156e+00
4.451612903225806051e+00 2.506537747969830865e-01 3.005233622220211842e+00
4.469208211143695486e+00 2.505677049764114539e-01 3.004544221051087760e+00
4.486803519061584034e+00 2.504235294020166203e-01 3.003389671449169906e+00
4.504398826979471693e+00 2.502237927883855240e-01 3.001790743152133789e+00
4.521994134897360240e+00 2.499712349926939137e-01 2.999769886560576193e+00
4.539589442815248788e+00 2.496687783986089593e-01 2.997351104269561084e+00
4.557184750733138223e+00 2.493195124063751766e-01 2.994559798717888466e+00
4.574780058651026771e+00 2.489266757544018049e-01 2.991422602461311531e+00
4.592375366568914430e+00 2.484936376225384824e-01 2.987967199351968528e+00
4.609970674486802977e+00 2.480238785765526144e-01 2.984222145710175855e+00
4.627565982404692413e+00 2.475209723932967620e-01 2.980216700306096644e+00
4.645161290322580960e+00 2.469885696594879554e-01 2.975980670666732220e+00
4.662756598240469508e+00 2.464303837825209120e-01 2.971544281056736292e+00
4.680351906158357167e+00 2.458501797217035878e-01 2.966938064728112057e+00
4.697947214076245714e+00 2.452517653843670209e-01 2.962192780041920770e+00
4.715542521994135150e+00 2.446389852791076847e-01 2.957339347207867508e+00
4.733137829912023697e+00 2.440157157221994610e-01 2.952408800018964108e+00
4.750733137829912245e+00 2.433858606895344112e-01 2.947432245362359815e+00
4.768328445747799904e+00 2.427533473206503201e-01 2.942440822652273802e+00
4.785923753665689340e+00 2.421221201235993215e-01 2.937465655719094126e+00
4.803519061583577887e+00 2.414961330939520978e-01 2.932537791036740948e+00
4.821114369501466435e+00 2.408793392272007838e-01 2.927688118295570963e+00
4.838709677419354982e+00 2.402756772379372463e-01 2.922947271955468995e+00
4.856304985337242641e+00 2.396890556597190414e-01 2.918345515208453644e+00
4.873900293255132077e+00 2.391233348421266391e-01 2.913912610394902458e+00
4.891495601173020624e+00 2.385823076440193036e-01 2.909677682030101131e+00
4.909090909090909172e+00 2.380696798101625822e-01 2.905669079954186440e+00
4.926686217008797719e+00 2.375890510897149532e-01 2.901914250560000408e+00
4.944281524926685378e+00 2.371438981014302727e-01 2.898439623534571297e+00
4.961876832844574814e+00 2.367375597788013153e-01 2.895270520140177162e+00
4.979472140762463361e+00 2.363732259599821972e-01 2.892431086936056772e+00
4.997067448680351909e+00 2.360539293546087825e-01 2.889944256257764632e+00
5.014662756598240456e+00 2.357825407626784608e-01 2.887831732036655552e+00
5.032258064516129004e+00 2.355617670818066778e-01 2.886113996976793938e+00
5.049853372434017551e+00 2.353941513588518608e-01 2.884810335011202209e+00
5.067448680351906098e+00 2.352820739530091243e-01 2.883938861574105061e+00
5.085043988269794646e+00 2.352277538023549164e-01 2.883516553709799979e+00
5.102639296187683193e+00 2.352332488332273541e-01 2.883559272449051747e+00
5.120234604105571741e+00 2.353004547160924831e-01 2.884081771170847741e+00
5.137829912023460288e+00 2.354311014332955421e-01 2.885097685681075941e+00
5.155425219941348836e+00 2.356267474524841310e-01 2.886619504247105894e+00
5.173020527859237383e+00 2.358887716556414826e-01 2.888658518538055553e+00
5.190615835777126819e+00 2.362183635155432615e-01 2.891224759022345658e+00
5.208211143695014478e+00 2.366165122983004965e-01 2.894326920565164052e+00
5.225806451612903025e+00 2.370839962682014246e-01 2.897972285494751610e+00
5.243401759530791573e+00 2.376213729550447629e-01 2.902166652086995313e+00
5.260997067448680120e+00 2.382289715035376676e-01 2.906914276168325983e+00
5.278592375366569556e+00 2.389068879624157427e-01 2.912217832377112181e+00
5.296187683284457215e+00 2.396549841050002738e-01 2.918078399675642309e+00
5.313782991202345762e+00 2.404728900328652885e-01 2.924495473183729377e+00
5.331378299120234310e+00 2.413600104384727441e-01 2.931467001589687538e+00
5.348973607038122857e+00 2.423155340349029130e-01 2.938989446607695122e+00
5.366568914956012293e+00 2.433384453441126138e-01 2.947057858512901252e+00
5.384164222873899952e+00 2.444275378080122130e-01 2.955665959990331881e+00
5.401759530791788499e+00 2.455814270775279196e-01 2.964806229605405630e+00
5.419354838709677047e+00 2.467985633590565886e-01 2.974469976274698890e+00
5.436950146627566482e+00 2.480772418554113845e-01 2.984647397207474295e+00
5.454545454545455030e+00 2.494156106135237416e-01 2.995327613803554279e+00
5.472140762463342689e+00 2.508116754535073545e-01 3.006498682723812266e+00
5.489736070381231237e+00 2.522633020615321353e-01 3.018147582496347070e+00
5.507331378299119784e+00 2.537682157341750733e-01 3.030260179226727857e+00
5.524926686217009220e+00 2.553239996151124847e-01 3.042821177865786098e+00
5.542521994134897767e+00 2.569280925219848410e-01 3.055814067700710623e+00
5.560117302052785426e+00 2.585777875879141652e-01 3.069221071987373151e+00
5.577712609970673974e+00 2.602702329195402120e-01 3.083023111752209999e+00
5.595307917888563409e+00 2.620024352998455153e-01 3.097199792705271904e+00
5.612903225806451957e+00 2.637712676563925274e-01 3.111729422010240054e+00
5.630498533724340504e+00 2.655734806074789289e-01 3.126589058574807733e+00
5.648093841642228163e+00 2.674057179371926996e-01 3.141754596895235174e+00
5.665689149560116711e+00 2.692645353905034344e-01 3.157200880731882542e+00
5.683284457478006146e+00 2.711464217781521246e-01 3.172901839462462625e+00
5.700879765395894694e+00 2.730478210896887803e-01 3.188830637291904857e+00
5.718475073313783241e+00 2.749651541710938507e-01 3.204959823953068554e+00
5.736070381231670900e+00 2.768948385533722134e-01 3.221261475350488901e+00
5.753665689149560336e+00 2.788333052219001407e-01 3.237707313860347380e+00
5.771260997067448884e+00 2.807770114728359578e-01 3.254268800605190748e+00
5.788856304985337431e+00 2.827224494724958070e-01 3.270917195700219438e+00
5.806451612903225978e+00 2.846661506623691107e-01 3.287623586796714736e+00
5.824046920821113638e+00 2.866046866717655850e-01 3.304358890704542251e+00
5.841642228739003073e+00 2.885346678460271597e-01 3.321093836894341678e+00
5.859237536656891621e+00 2.904527408127460242e-01 3.337798944730407946e+00
5.876832844574780168e+00 2.923555866478786402e-01 3.354444507932334396e+00
5.894428152492668715e+00 2.942399211461407260e-01 3.371000599738888770e+00
5.912023460410557263e+00 2.961024984474346922e-01 3.387437110479512015e+00
5.929618768328445810e+00 2.979401188504838816e-01 3.403723825900223154e+00
5.947214076246334358e+00 2.997496411052287812e-01 3.419830550001732750e+00
5.964809384164222905e+00 3.015279988823330592e-01 3.435727270862436455e+00
5.982404692082111453e+00 3.032722205454321807e-01 3.451384362584491328e+00
6.000000000000000000e+00 3.049794508729639086e-01 3.466772811797257603e+00
6.017595307917888547e+00 3.066469730549146733e-01 3.481864453705588058e+00
6.035190615835777095e+00 3.082722291707455375e-01 3.496632200971438120e+00
6.052785923753665642e+00 3.098528374582218414e-01 3.511050249046103300e+00
6.070381231671554190e+00 3.113866050010993813e-01 3.525094243954390194e+00
6.087976539589442737e+00 3.128715349608399143e-01 3.538741402727415775e+00
6.105571847507331285e+00 3.143058280942669369e-01 3.551970582198544335e+00
6.123167155425219832e+00 3.156878789588313805e-01 3.564762298033646193e+00
6.140762463343108379e+00 3.170162678266389977e-01 3.577098701876594511e+00
6.158357771260997815e+00 3.182897498276600068e-01 3.588963529561443710e+00
6.175953079178885474e+00 3.195072431558403925e-01 3.600342036786526645e+00
6.193548387096774022e+00 3.206678182560777635e-01 3.611220939970850363e+00
6.211143695014662569e+00 3.217706897509647890e-01 3.621588378997619984e+00
6.228739002932551116e+00 3.228152124803452816e-01 3.631433915272907154e+00
6.246334310850440552e+00 3.238008824600447921e-01 3.640748573371291652e+00
6.263929618768328211e+00 3.247273428879386414e-01 3.649524928138295987e+00
6.281524926686216759e+00 3.255943946209939877e-01 3.657757232290123728e+00
6.299120234604105306e+00 3.264020099051683221e-01 3.665441573180364010e+00
6.316715542521994742e+00 3.271503476439378000e-01 3.672576042341583413e+00
6.334310850439883289e+00 3.278397682062849650e-01 3.679160898353702969e+00
6.351906158357770948e+00 3.284708457400772885e-01 3.685198702982639407e+00
6.369501466275659496e+00 3.290443761804083267e-01 3.690694412509888611e+00
6.387096774193548043e+00 3.295613795989003614e-01 3.695655410524071538e+00
6.404692082111437479e+00 3.300230961743385594e-01 3.700091474649499279e+00
6.422287390029326026e+00 3.304309757984129625e-01 3.704014676966634667e+00
6.439882697947213686e+00 3.307866620706403915e-01 3.707439225307632480e+00
6.457478005865102233e+00 3.310919720900007412e-01 3.710381259230972173e+00
6.475073313782990780e+00 3.313488739338763533e-01 3.712858619432860330e+00
6.492668621700880216e+00 3.315594639654923514e-01 3.714890611995057323e+00
6.510263929618768763e+00 3.317259460961835549e-01 3.716497788850692263e+00
6.527859237536656423e+00 3.318506148488745144e-01 3.717701763166069373e+00
6.545454545454544970e+00 3.319358435582834277e-01 3.718525073326991226e+00
6.563049853372434406e+00 3.319840783644055215e-01 3.718991102516556513e+00
6.580645161290322953e+00 3.319978378934264063e-01 3.719124053330912449e+00
6.598240469208211501e+00 3.319797177694487345e-01 3.718948969457269715e+00
6.615835777126099160e+00 3.319323984552456919e-01 3.718491790075530989e+00
6.633431085043987707e+00 3.318586544622079137e-01 3.717779418151221371e+00
6.651026392961877143e+00 3.317613627565802470e-01 3.716839781729958769e+00
6.668621700879765690e+00 3.316435082491625552e-01 3.715701867986775042e+00
6.686217008797654238e+00 3.315081845822829276e-01 3.714395713042455416e+00
6.703812316715541897e+00 3.313585889815491847e-01 3.712952336021408950e+00
6.721407624633431332e+00 3.311980106523214618e-01 3.711403612798259033e+00
6.739002932551319880e+00 3.310298129837173087e-01 3.709782092481313409e+00
6.756598240469208427e+00 3.308574105790863529e-01 3.708120766953070024e+00
6.774193548387096975e+00 3.306842427673208906e-01 3.706452809820271810e+00
6.791788856304984634e+00 3.305137456853664002e-01 3.704811305170642832e+00
6.809384164222874070e+00 3.303493252047211559e-01 3.703228988093838936e+00
6.826979472140762617e+00 3.301943328812222411e-01 3.701738017818946513e+00
6.844574780058651164e+00 3.300520467491918075e-01 3.700369800693489530e+00
6.862170087976539712e+00 3.299256582020162476e-01 3.699154874532285309e+00
6.879765395894428259e+00 3.298182654719737372e-01 3.698122858795829693e+00
6.897360703812316807e+00 3.297328734313919596e-01 3.697302467474066656e+00
6.914956011730205354e+00 3.296723986811616047e-01 3.696721574365293250e+00
6.932551319648093902e+00 3.296396782631941802e-01 3.696407314510725239e+00
6.950146627565982449e+00 3.296374799073990003e-01 3.696386201579464625e+00
6.967741935483870996e+00 3.296685115534231381e-01 3.696684239465812816e+00
6.985337243401759544e+00 3.297354279942102950e-01 3.697327007439779933e+00
7.002932551319648091e+00 3.298408328604926498e-01 3.698339701751225839e+00
7.020527859237536639e+00 3.299872747582301979e-01 3.699747122198620897e+00
7.038123167155426074e+00 3.301772371136628692e-01 3.701573599163500816e+00
7.055718475073313734e+00 3.304131220835078153e-01 3.703842864145981739e+00
7.073313782991202281e+00 3.306972296536523359e-01 3.706577874014941987e+00
7.090909090909090828e+00 3.310317336857733217e-01 3.709800605155629150e+00
7.108504398826979376e+00 3.314186571000044546e-01 3.713531837746153030e+00
7.126099706744868811e+00 3.318598485506799589e-01 3.717790952043054098e+00
7.143695014662756471e+00 3.323569628393233666e-01 3.722595757601888877e+00
7.161290322580645018e+00 3.329114469266994947e-01 3.727962372907883903e+00
7.178885630498533565e+00 3.335245327974413754e-01 3.733905167331458053e+00
7.196480938416422113e+00 3.341972376679275269e-01 3.740436770293510182e+00
7.214076246334311548e+00 3.349303711999878641e-01 3.747568144828229642e+00
7.231671554252199208e+00 3.357245485881545921e-01 3.755308715260329055e+00
7.249266862170087755e+00 3.365802077214418153e-01 3.763666532338995729e+00
7.266862170087976303e+00 3.374976281632545150e-01 3.772648454653552808e+00
7.284457478005865738e+00 3.384769495022132424e-01 3.782260323052311524e+00
7.302052785923754286e+00 3.395181867287025979e-01 3.792507105384787192e+00
7.319648093841641945e+00 3.406212406787427205e-01 3.803392992170639086e+00
7.337243401759530492e+00 3.417859022153365567e-01 3.814921429429316557e+00
7.354838709677419040e+00 3.430118496161042030e-01 3.827095082273945348e+00
7.372434017595308475e+00 3.442986395101764741e-01 3.839915731143756616e+00
7.390029325513197023e+00 3.456456925529266533e-01 3.853384110770671001e+00
7.407624633431084682e+00 3.470522757412231041e-01 3.867499709176196454e+00
7.425219941348973229e+00 3.485174837660590663e-01 3.882260549304792363e+00
7.442815249266862665e+00 3.500402220103029372e-01 3.897662978652031818e+00
7.460410557184751212e+00 3.516191936966313047e-01 3.913701492057222175e+00
7.478005865102639760e+00 3.532528932811027644e-01 3.930368609648883904e+00
7.495601173020527419e+00 3.549396075151713958e-01 3.947654826056061328e+00
7.513196480938415966e+00 3.566774247391606423e-01 3.965548639045452628e+00
7.530791788856305402e+00 3.584642520233908836e-01 3.984036656592957915e+00
7.548387096774193061e+00 3.602978388520203801e-01 4.003103772096712198e+00
7.565982404692082497e+00 3.621758052614220680e-01 4.022733389089968803e+00
7.583577712609971044e+00 3.640956717979596524e-01 4.042907670450168744e+00
7.601173020527858704e+00 3.660548884215518717e-01 4.063607783564356701e+00
7.618768328445748139e+00 3.680508595879536382e-01 4.084814112737701564e+00
7.636363636363635798e+00 3.700809631891812668e-01 4.106506413471414874e+00
7.653958944281525234e+00 3.721425617713149947e-01 4.128663889823422473e+00
7.671554252199413781e+00 3.742330053974339821e-01 4.151265185219600973e+00
7.689149560117301441e+00 3.763496265684102560e-01 4.174288287785397955e+00
7.706744868035190876e+00 3.784897286285418549e-01 4.197710362262196071e+00
7.724340175953080312e+00 3.806505699402144560e-01 4.221507530519129858e+00
7.741935483870967971e+00 3.828293467021672836e-01 4.245654630303802968e+00
7.759530791788856519e+00 3.850231775306569015e-01 4.270124986167886938e+00
7.777126099706744178e+00 3.872290927834875496e-01 4.294890226793280696e+00
7.794721407624633613e+00 3.894440310925423310e-01 4.319920179041557340e+00
7.812316715542523049e+00 3.916648447361186780e-01 4.345182861264765606e+00
7.829912023460410708e+00 3.938883144241387413e-01 4.370644587551410609e+00
7.847507331378299256e+00 3.961111729132146819e-01 4.396270181853368264e+00
7.865102639296186915e+00 3.983301357559066447e-01 4.422023287847401285e+00
7.882697947214076351e+00 4.005419365589026337e-01 4.447866748544162974e+00
7.900293255131965786e+00 4.027433634986093414e-01 4.473763020602591567e+00
7.917888563049853445e+00 4.049312936057304357e-01 4.499674583299890784e+00
7.935483870967741993e+00 4.071027215216219131e-01 4.525564301949744461e+00
7.953079178885629652e+00 4.092547800351163390e-01 4.551395710482458945e+00
7.970674486803519088e+00 4.113847506621449157e-01 4.577133187477965492e+00
7.988269794721408523e+00 4.134900637198447582e-01 4.602742013138811039e+00
8.005865102639296182e+00 4.155682886267421106e-01 4.628188309946005496e+00
8.023460410557184730e+00 4.176171163718827017e-01 4.653438885171352624e+00
8.041055718475073277e+00 4.196343370840210363e-01 4.678461007035688901e+00
8.058651026392961825e+00 4.216178162687695408e-01 4.703222156281871236e+00
8.076246334310850372e+00 4.235654734800464172e-01 4.727689799851257035e+00
8.093841642228738920e+00 4.254752669196192327e-01 4.751831232398009419e+00
8.111436950146627467e+00 4.273451867407281335e-01 4.775613524456415959e+00
8.129032258064516014e+00 4.291732587510491692e-01 4.799003603867607382e+00
8.146627565982404562e+00 4.309575588956729986e-01 4.821968480949458069e+00
8.164222873900293109e+00 4.326962375135007255e-01 4.844475609789883563e+00
8.181818181818181657e+00 4.343875510731286527e-01 4.866493360211502583e+00
8.199413489736070204e+00 4.360298980711631578e-01 4.887991559707746347e+00
8.217008797653960528e+00 4.376218551504696963e-01 4.908942054044560521e+00
8.234604105571847299e+00 4.391622093545753391e-01 4.929319230796197715e+00
8.252199413489735846e+00 4.406499828038186739e-01 4.949100452619881629e+00
8.269794721407624394e+00 4.420844469211075434e-01 4.968266356466036093e+00
8.287390029325512941e+00 4.434651245517828300e-01 4.986800990153623658e+00
8.304985337243401489e+00 4.447917797646823157e-01 5.004691776985752405e+00
8.322580645161290036e+00 4.460643966112445291e-01 5.021929319935482638e+00
8.340175953079178583e+00 4.472831494681934195e-01 5.038507076705674770e+00
8.357771260997067131e+00 4.484483686254152057e-01 5.054420953065297262e+00
8.375366568914955678e+00 4.495605053692805497e-01 5.069668872113738622e+00
8.392961876832846002e+00 4.506201008743218051e-01 5.084250380093132904e+00
8.410557184750732773e+00 4.516277627391621641e-01 5.098166344543508366e+00
8.428152492668621321e+00 4.525841520403094398e-01 5.111418788474581198e+00
8.445747800586509868e+00 4.534899824454500794e-01 5.124010886258138164e+00
8.463343108504398415e+00 4.543460313891335423e-01 5.135947125350635467e+00
8.480938416422286963e+00 4.551531617582404987e-01 5.147233615457207812e+00
8.498533724340175510e+00 4.559123511571830378e-01 5.157878506238084526e+00
8.516129032258064058e+00 4.566247247974383749e-01 5.167892458812817225e+00
8.533724340175954381e+00 4.572915875151954967e-01 5.177289107265368173e+00
8.551319648093841153e+00 4.579144504380296410e-01 5.186085445383155523e+00
8.568914956011731476e+00 4.584950484002615623e-01 5.194302081229968948e+00
8.586510263929618247e+00 4.590353452804316614e-01 5.201963317034216772e+00
8.604105571847506795e+00 4.595375258730320378e-01 5.209097032449790277e+00
8.621700879765397119e+00 4.600039745330125052e-01 5.215734372931628116e+00
8.639296187683283890e+00 4.604372424431124600e-01 5.221909268745206667e+00
8.656891495601172437e+00 4.608400067489772933e-01 5.227657830953022611e+00
8.674486803519060985e+00 4.612150258097009181e-01 5.233017685917901396e+00
8.692082111436949532e+00 4.615650952946553365e-01 5.238027317477929046e+00
8.709677419354839856e+00 4.618930097589404871e-01 5.242725485003095542e+00
8.727272727272726627e+00 4.622015336588494727e-01 5.247150776138820305e+00
8.744868035190616951e+00 4.624933846060650389e-01 5.251341336343245736e+00
8.762463343108503722e+00 4.627712301459426802e-01 5.255334795398343140e+00
8.780058651026392269e+00 4.630376976662200494e-01 5.259168386631883685e+00
8.797653958944282593e+00 4.632953954034318977e-01 5.262879230641032358e+00
8.815249266862169364e+00 4.635469411173601673e-01 5.266504734818655997e+00
8.832844574780057911e+00 4.637949940224845857e-01 5.270083045489631246e+00
8.850439882697948235e+00 4.640422851234747292e-01 5.273653482781281987e+00
8.868035190615835006e+00 4.642916412573510065e-01 5.277256890334399486e+00
8.885630498533725330e+00 4.645459988832865150e-01 5.280935842401953906e+00
8.903225806451612101e+00 4.648084048946327096e-01 5.284734668514022182e+00
8.920821114369502425e+00 4.650820033076975002e-01 5.288699278549850114e+00
8.938416422287390972e+00 4.653700084147555649e-01 5.292876795951900526e+00
8.956011730205277743e+00 4.656756666624261021e-01 5.297315030879234499e+00
8.973607038123168067e+00 4.660022109234425169e-01 5.302061845350693581e+00
8.991202346041054838e+00 4.663528117980202947e-01 5.307164476422144617e+00
9.008797653958943386e+00 4.667305309880389608e-01 5.312668889446562126e+00
9.026392961876833709e+00 4.671382815834513869e-01 5.318619230792807073e+00
9.043988269794720480e+00 4.675787993068464821e-01 5.325057438354830808e+00
9.061583577712610804e+00 4.680546274737648060e-01 5.332023050097456363e+00
9.079178885630497575e+00 4.685681167964219074e-01 5.339553227887354758e+00
9.096774193548387899e+00 4.691214393825524076e-01 5.347682988657187941e+00
9.114369501466276446e+00 4.697166145726168196e-01 5.356445610504247945e+00
9.131964809384163217e+00 4.703555428247500614e-01 5.365873160518189522e+00
9.149560117302053541e+00 4.710400428730854294e-01 5.375997076444637202e+00
9.167155425219940312e+00 4.717718869746488908e-01 5.386848727514829349e+00
9.184750733137828860e+00 4.725528292779164752e-01 5.398459881790349968e+00
9.202346041055719184e+00 4.733846231721989817e-01 5.410863018049671069e+00
9.219941348973605955e+00 4.742690248162423905e-01 5.424091438404998300e+00
9.237536656891496278e+00 4.752077817393858816e-01 5.438179161419962604e+00
9.255131964809384826e+00 4.762026072554995659e-01 5.453160601746040115e+00
9.272727272727273373e+00 4.772551432058494969e-01 5.469070068127313000e+00
9.290322580645161921e+00 4.783669150351796406e-01 5.485941133970491101e+00
9.307917888563048692e+00 4.795392842226220420e-01 5.503805950867747931e+00
9.325513196480939015e+00 4.807734035081988044e-01 5.522694583526051915e+00
9.343108504398827563e+00 4.820701801207945003e-01 5.542634443466018190e+00
9.360703812316714334e+00 4.834302513464527329e-01 5.563649888614598638e+00
9.378299120234604658e+00 4.848539753748383196e-01 5.585762037589255158e+00
9.395894428152491429e+00 4.863414385887114277e-01 5.608988823034722238e+00
9.413489736070381753e+00 4.878924785248950902e-01 5.633345280534080679e+00
9.431085043988270300e+00 4.895067198657091501e-01 5.658844041511237322e+00
9.448680351906158847e+00 4.911836192431718318e-01 5.685495973421420324e+00
9.466275659824047395e+00 4.929225135488849996e-01 5.713310891389067336e+00
9.483870967741934166e+00 4.947226659804350168e-01 5.742298254716615702e+00
9.501466275659824490e+00 4.965833042865946956e-01 5.772467760868875253e+00
9.519061583577713037e+00 4.985036465830253172e-01 5.803829759061135185e+00
9.536656891495599808e+00 5.004829115982176724e-01 5.836395424650032915e+00
9.554252199413490132e+00 5.025203121044941046e-01 5.870176662191330053e+00
9.571847507331378679e+00 5.046150323664584381e-01 5.905185736362430049e+00
9.589442815249267227e+00 5.067661924479945901e-01 5.941434662362426344e+00
9.607038123167155774e+00 5.089728039125128722e-01 5.978934417084902364e+00
9.624633431085044322e+00 5.112337226173142568e-01 6.017694055695185895e+00
9.642228739002932869e+00 5.135476047915285003e-01 6.057719832283804173e+00
9.659824046920821417e+00 5.159128723272443651e-01 6.099014426051344806e+00
9.677419354838709964e+00 5.183276922246081719e-01 6.141576365307717111e+00
9.695014662756598511e+00 5.207899735212412340e-01 6.185399721093163272e+00
9.712609970674485282e+00 5.232973829885583239e-01 6.230474112426404254e+00
9.730205278592375606e+00 5.258473786328696775e-01 6.276785029185326437e+00
9.747800586510264154e+00 5.284372578666659548e-01 6.324314440412655891e+00
9.765395894428152701e+00 5.310642153814575384e-01 6.373041619848308414e+00
9.782991202346041248e+00 5.337254044898047667e-01 6.422944091140026401e+00
9.800586510263929796e+00 5.364179951783295541e-01 6.473998576344614619e+00
9.818181818181818343e+00 5.391392224071962502e-01 6.526181825839579176e+00
9.835777126099706891e+00 5.418864192868910745e-01 6.579471216983881376e+00
9.853372434017595438e+00 5.446570315424895670e-01 6.633845032429414701e+00
9.870967741935483986e+00 5.474486119331025691e-01 6.689282364714710383e+00
9.888563049853370757e+00 5.502587957595515000e-01 6.745762637856046240e+00
9.906158357771261080e+00 5.530852609644144602e-01 6.803264784033451029e+00
9.923753665689149628e+00 5.559256783094047583e-01 6.861766158449058572e+00
9.941348973607038175e+00 5.587776584523013179e-01 6.921241312341405383e+00
9.958944281524926723e+00 5.616387032622025544e-01 6.981660768061245470e+00
9.976539589442815270e+00 5.645061683285692578e-01 7.042989947506175241e+00
9.994134897360703818e+00 5.673772423673969501e-01 7.105188394392452977e+00
1.001173020527859236e+01 5.702489472447552776e-01 7.168209402243856054e+00
1.002932551319648091e+01 5.731181598543007016e-01 7.232000116205147933e+00
1.004692082111436946e+01 5.759816543975232461e-01 7.296502122416894665e+00
1.006451612903225801e+01 5.788361610509220601e-01 7.361652479841080954e+00
1.008211143695014655e+01 5.816784348833549112e-01 7.427385093164232899e+00
1.009970674486803510e+01 5.845053274821563338e-01 7.493632278914451383e+00
1.011730205278592365e+01 5.873138532493331621e-01 7.560326346664358432e+00
1.013489736070381220e+01 5.901012428210695715e-01 7.627401007957307577e+00
1.015249266862170074e+01 5.928649775054422033e-01 7.694792439813877394e+00
1.017008797653958929e+01 5.956028008634620674e-01 7.762439866840307623e+00
1.018768328445747784e+01 5.983127063137453350e-01 7.830285582529175059e+00
1.020527859237536639e+01 6.009929025847765560e-01 7.898274399980814486e+00
1.022287390029325493e+01 6.036417616050339108e-01 7.966352596601658398e+00
1.024046920821114348e+01 6.062577556599005879e-01 8.034466486924738859e+00
1.025806451612903203e+01 6.088393920666084203e-01 8.102560813322101652e+00
1.027565982404692058e+01 6.113851540341459501e-01 8.170577178226782422e+00
1.029325513196480912e+01 6.138934557168489459e-01 8.238452748212658605e+00
1.031085043988269767e+01 6.163626178042941328e-01 8.306119437800179028e+00
1.032844574780058622e+01 6.187908675071337461e-01 8.373503730658411470e+00
1.034604105571847477e+01 6.211763637945364458e-01 8.440527223044545835e+00
1.036363636363636331e+01 6.235172455774865563e-01 8.507107887013599878e+00
1.038123167155425364e+01 6.258116976040961621e-01 8.573161959601685922e+00
1.039882697947214041e+01 6.280580265061398437e-01 8.638606280357654654e+00
1.041642228739002896e+01 6.302547380117783371e-01 8.703360834532741563e+00
1.043401759530791750e+01 6.324006060119227168e-01 8.767351222388196419e+00
1.045161290322580605e+01 6.344947249981655046e-01 8.830510772742366399e+00
1.046920821114369637e+01 6.365365392943852507e-01 8.892782053051552893e+00
1.048680351906158315e+01 6.385258452606344948e-01 8.954117596171325744e+00
1.050439882697947169e+01 6.404627659231235670e-01 9.014479757902520873e+00
1.052199413489736024e+01 6.423477008735917204e-01 9.073839728020219653e+00
1.053958944281524879e+01 6.441812573600004255e-01 9.132175826783878847e+00
1.055718475073313911e+01 6.459641708689177753e-01 9.189471314488944387e+00
1.057478005865102588e+01 6.476972248720695990e-01 9.245712010404888659e+00
1.059237536656891443e+01 6.493811795937285414e-01 9.300884049680449905e+00
1.060997067448680298e+01 6.510167186171408327e-01 9.354972097294648847e+00
1.062756598240469152e+01 6.526044200032456999e-01 9.407958286981010332e+00
1.064516129032258185e+01 6.541447555982887740e-01 9.459822065710500993e+00
1.066275659824046862e+01 6.556381187195492455e-01 9.510541010947164864e+00
1.068035190615835717e+01 6.570848768561711184e-01 9.560092562258750704e+00
1.069794721407624571e+01 6.584854428434167017e-01 9.608456486718051082e+00
1.071554252199413426e+01 6.598403555624777761e-01 9.655617794749691285e+00
1.073313782991202459e+01 6.611503598930007497e-01 9.701569753634933235e+00
1.075073313782991136e+01 6.624164755815331596e-01 9.746316619983003804e+00
1.076832844574779990e+01 6.636400459111655437e-01 9.789875734951557718e+00
1.078592375366569023e+01 6.648227594296356457e-01 9.832278695400294311e+00
1.080351906158357700e+01 6.659666412328421048e-01 9.873571422685037291e+00
1.082111436950146732e+01 6.670740140121195205e-01 9.913813085092559874e+00
1.083870967741935409e+01 6.681474327976167915e-01 9.953073972855419171e+00
1.085630498533724264e+01 6.691896006014464993e-01 9.991432557681196869e+00
1.087390029325513296e+01 6.702032745723099927e-01 1.002897207435776394e+01
1.089149560117301974e+01 6.711911735125082323e-01 1.006577702632657711e+01
1.090909090909091006e+01 6.721558975180532691e-01 1.010193003159046476e+01
1.092668621700879683e+01 6.730998690861235145e-01 1.013750938774831845e+01
1.094428152492668538e+01 6.740253024571049023e-01 1.017258764963358253e+01
1.096187683284457570e+01 6.749342045292580083e-01 1.020723139016048187e+01
1.097947214076246247e+01 6.758284068164158720e-01 1.024150216932504520e+01
1.099706744868035280e+01 6.767096240825174469e-01 1.027545858547949820e+01
1.101466275659823957e+01 6.775795319513779891e-01 1.030915914547251511e+01
1.103225806451612812e+01 6.784398533697929556e-01 1.034266558321377438e+01
1.104985337243401844e+01 6.792924426043548403e-01 1.037604619354509872e+01
1.106744868035190521e+01 6.801393556381294392e-01 1.040937873868299413e+01
1.108504398826979553e+01 6.809828973956738585e-01 1.044275253022630068e+01
1.110263929618768408e+01 6.818256389849457477e-01 1.047626938604747693e+01
1.112023460410557085e+01 6.826704017735703012e-01 1.051004329699043183e+01
1.113782991202346118e+01 6.835202091724289497e-01 1.054419879653276482e+01
1.115542521994134795e+01 6.843782109836197280e-01 1.057886818773031479e+01
1.117302052785923827e+01 6.852475885889831586e-01 1.061418792562659874e+01
1.119061583577712682e+01 6.861314516848039391e-01 1.065029456192294433e+01
1.120821114369501359e+01 6.870327384037576701e-01 1.068732071862091537e+01
1.122580645161290391e+01 6.879541303609141289e-01 1.072539156123359305e+01
1.124340175953079068e+01 6.888979924461616777e-01 1.076462218947682636e+01
1.126099706744868101e+01 6.898663442613259811e-01 1.080511626018033589e+01
1.127859237536656956e+01 6.908608663132366212e-01 1.084696601531423887e+01
1.129618768328445633e+01 6.918829398760180105e-01 1.089025372365509448e+01
1.131378299120234665e+01 6.929337153316779130e-01 1.093505437648868828e+01
1.133137829912023342e+01 6.940142002853917358e-01 1.098143932529839262e+01
1.134897360703812375e+01 6.951253562639471140e-01 1.102948043075199358e+01
1.136656891495601229e+01 6.962681916572047713e-01 1.107925422223024547e+01
1.138416422287389906e+01 6.974438389106522029e-01 1.113084555525558450e+01
1.140175953079178939e+01 6.986536057980067271e-01 1.118435030344768855e+01
1.141935483870967616e+01 6.998989936917856536e-01 1.123987672774082824e+01
1.143695014662756648e+01 7.011816797418970459e-01 1.129754531706016429e+01
1.145454545454545503e+01 7.025034642866584411e-01 1.135748707407343261e+01
1.147214076246334180e+01 7.038661891186033248e-01 1.141984040579408166e+01
1.148973607038123212e+01 7.052716358802547658e-01 1.148474694939366714e+01
1.150733137829912067e+01 7.067214164200849025e-01 1.155234679802678777e+01
1.152492668621700922e+01 7.082168680751411705e-01 1.162277367347287793e+01
1.154252199413489777e+01 7.097589664159295042e-01 1.169615061183101901e+01
1.156011730205278454e+01 7.113482660299788041e-01 1.177258668226325078e+01
1.157771260997067486e+01 7.129848766575890284e-01 1.185217515107895103e+01
1.159530791788856341e+01 7.146684778066995092e-01 1.193499334506023857e+01
1.161290322580645196e+01 7.163983703587610830e-01 1.202110427524764980e+01
1.163049853372434050e+01 7.181735591840776589e-01 1.211055987582328264e+01
1.164809384164222728e+01 7.199928569582135784e-01 1.220340551497871928e+01
1.166568914956011760e+01 7.218549966837177756e-01 1.229968526858071343e+01
1.168328445747800615e+01 7.237587392184495760e-01 1.239944733370034058e+01
1.170087976539589469e+01 7.257029625647390958e-01 1.250274891358872154e+01
1.171847507331378324e+01 7.276867217547842159e-01 1.260965993734287238e+01
1.173607038123167001e+01 7.297092716480519936e-01 1.272026508637988051e+01
1.175366568914956034e+01 7.317700494301079273e-01 1.283466377651320123e+01
1.177126099706744888e+01 7.338686185324210243e-01 1.295296797054444227e+01
1.178885630498533743e+01 7.360045804781181200e-01 1.307529794657370203e+01
1.180645161290322598e+01 7.381774652087248478e-01 1.320177639256204571e+01
1.182404692082111453e+01 7.403866132552360257e-01 1.333252140869476143e+01
1.184164222873900307e+01 7.426310643256136546e-01 1.346763914985924337e+01
1.185923753665689162e+01 7.449094663245191539e-01 1.360721691153224455e+01
1.187683284457478017e+01 7.472200165465940902e-01 1.375131744247853050e+01
1.189442815249266872e+01 7.495604430475197866e-01 1.389997515543743489e+01
1.191202346041055726e+01 7.519280294300652034e-01 1.405319471062407821e+01
1.192961876832844581e+01 7.543196810476612280e-01 1.421095218389682024e+01
1.194721407624633436e+01 7.567320255532095086e-01 1.437319872751309369e+01
1.196480938416422291e+01 7.591615364248988085e-01 1.453986631853270772e+01
1.198240469208211145e+01 7.616046651224270825e-01 1.471087490405532527e+01
1.200000000000000000e+01 7.640579662565901709e-01 1.488614002987247531e+01
1.201759530791788855e+01 7.665182007829517419e-01 1.506557991210785197e+01
1.203519061583577709e+01 7.689824047161389897e-01 1.524912090364390593e+01
1.205278592375366564e+01 7.714479149329011021e-01 1.543670042920377483e+01
1.207038123167155419e+01 7.739123488128765160e-01 1.562826670947069552e+01
1.208797653958944274e+01 7.763735401297771066e-01 1.582377494326240353e+01
1.210557184750733128e+01 7.788294390565742020e-01 1.602318003036054250e+01
1.212316715542521983e+01 7.812779887051067851e-01 1.622642634813691132e+01
1.214076246334310838e+01 7.837169937073047432e-01 1.643343549014063143e+01
1.215835777126099693e+01 7.861439975613139231e-01 1.664409318376469216e+01
1.217595307917888547e+01 7.885561846387281193e-01 1.685823678472375065e+01
1.219354838709677402e+01 7.909503199543609364e-01 1.707564476908583373e+01
1.221114369501466257e+01 7.933227353540341920e-01 1.729602949623149399e+01
1.222873900293255289e+01 7.956693651990046634e-01 1.751903420391330712e+01
1.224633431085043966e+01 7.979858285821234132e-01 1.774423474409499946e+01
1.226392961876832821e+01 8.002675493327896517e-01 1.797114601850649862e+01
1.228152492668621676e+01 8.025099002689259908e-01 1.819923248521575943e+01
1.229912023460410531e+01 8.047083549441917949e-01 1.842792155338265658e+01
1.231671554252199563e+01 8.068586289456392002e-01 1.865661823903106153e+01
1.233431085043988240e+01 8.089567938086795751e-01 1.888471919150676115e+01
1.235190615835777095e+01 8.109993497494442094e-01 1.911162417321230222e+01
1.236950146627565950e+01 8.129832483154463274e-01 1.933674331123888734e+01
1.238709677419354804e+01 8.149058621407563319e-01 1.955949892985358218e+01
1.240469208211143837e+01 8.167649055148081816e-01 1.977932146946844938e+01
1.242228739002932514e+01 8.185583156225954005e-01 1.999563981809012958e+01
1.243988269794721369e+01 8.202841093129733530e-01 2.020786721828307364e+01
1.245747800586510223e+01 8.219402334624916762e-01 2.041538465009783465e+01
1.247507331378299078e+01 8.235244280071788436e-01 2.061752411976668142e+01
1.249266862170088110e+01 8.250341193660576389e-01 2.081355451947145596e+01
1.251026392961876788e+01 8.264663584221914050e-01 2.100267261440020761e+01
1.252785923753665642e+01 8.278178118746124525e-01 2.118400125078686713e+01
1.254545454545454497e+01 8.290848092668466895e-01 2.135659609912249124e+01
1.256304985337243352e+01 8.302634411203340115e-01 2.151946123046772996e+01
1.258064516129032384e+01 8.313496971976266359e-01 2.167157269005103615e+01
1.259824046920821061e+01 8.323396287869142540e-01 2.181190812822509173e+01
1.261583577712609916e+01 8.332295156944123926e-01 2.193947963401521406e+01
1.263343108504398948e+01 8.340160177830286958e-01 2.205336633985890415e+01
1.265102639296187625e+01 8.346962925505727604e-01 2.215274324109159920e+01
1.266862170087976658e+01 8.352680642283859536e-01 2.223690305233608910e+01
1.268621700879765335e+01 8.357296357353524163e-01 2.230526877964859622e+01
1.270381231671554190e+01 8.360798418278860833e-01 2.235739591427540773e+01
1.272140762463343222e+01 8.363179490723147147e-01 2.239296457471348845e+01
1.273900293255131899e+01 8.364435149160914795e-01 2.241176332187990639e+01
1.275659824046920932e+01 8.364562233051933138e-01 2.241366752874050761e+01
1.277419354838709609e+01 8.363557173286515489e-01 2.239861591897017234e+01
1.279178885630498463e+01 8.361414498758686920e-01 2.236658908497714648e+01
1.280938416422287496e+01 8.358125711930743940e-01 2.231759342469908702e+01
1.282697947214076173e+01 8.353678677696352306e-01 2.225165305603304233e+01
1.284457478005865205e+01 8.348057607106652567e-01 2.216881100897256829e+01
1.286217008797653882e+01 8.341243644230694754e-01 2.206913954328465266e+01
1.287976539589442737e+01 8.333215989526863154e-01 2.195275800521606158e+01
1.289736070381231769e+01 8.323953425837216091e-01 2.181985543016964613e+01
1.291495601173020447e+01 8.313436061882106820e-01 2.167071429924983406e+01
1.293255131964809479e+01 8.301647079441303312e-01 2.150573158881028846e+01
1.295014662756598156e+01 8.288574268107237186e-01 2.132543355936556040e+01
1.296774193548387011e+01 8.274211156145645507e-01 2.113048156986716819e+01
1.298533724340176043e+01 8.258557594791641199e-01 2.092166744661661681e+01
1.300293255131964720e+01 8.241619720308855923e-01 2.069989838761960144e+01
1.302052785923753753e+01 8.223409295025054799e-01 2.046617281489194795e+01
1.303812316715542607e+01 8.203942505662588092e-01 2.022154977912590468e+01
1.305571847507331285e+01 8.183238364873480775e-01 1.996711530091797115e+01
1.307331378299120317e+01 8.161316911430520626e-01 1.970394930388918553e+01
1.309090909090908994e+01 8.138197429787135118e-01 1.943309654801034370e+01
1.310850439882698026e+01 8.113896907564763783e-01 1.915554427732133647e+01
1.312609970674486881e+01 8.088428920253258880e-01 1.887220828582332999e+01
1.314369501466275558e+01 8.061803079685454509e-01 1.858392794189918718e+01
1.316129032258064591e+01 8.034025113197986734e-01 1.829146956289109127e+01
1.317888563049853268e+01 8.005097562386626064e-01 1.799553654651262136e+01
1.319648093841642300e+01 7.975021013589539409e-01 1.769678395887550337e+01
1.321407624633431155e+01 7.943795706137705137e-01 1.739583491992054221e+01
1.323167155425219832e+01 7.911423317189036908e-01 1.709329613746134768e+01
1.324926686217008864e+01 7.877908699545079774e-01 1.678977029483071703e+01
1.326686217008797541e+01 7.843261354155591780e-01 1.648586362594200594e+01
1.328445747800586574e+01 7.807496451522614178e-01 1.618218781459212252e+01
1.330205278592375429e+01 7.770635271968449054e-01 1.587935621304420408e+01
1.331964809384164106e+01 7.732705006793154645e-01 1.557797516840655838e+01
1.333724340175953138e+01 7.693737941656434431e-01 1.527863187085933205e+01
1.335483870967741993e+01 7.653770120073417615e-01 1.498188052363887124e+01
1.337243401759530848e+01 7.612839649072927761e-01 1.468822874924678601e+01
1.339002932551319702e+01 7.570984852823453570e-01 1.439812599931885906e+01
1.340762463343108379e+01 7.528242498034276586e-01 1.411195537192055482e+01
1.342521994134897412e+01 7.484646305122306664e-01 1.383002972867443070e+01
1.344281524926686266e+01 7.440225922941701153e-01 1.355259242496824612e+01
1.346041055718475121e+01 7.395006486962001357e-01 1.327982239775340823e+01
1.347800586510263976e+01 7.349008808430081974e-01 1.301184286439601578e+01
1.349560117302052653e+01 7.302250164196932847e-01 1.274873252273495261e+01
1.351319648093841685e+01 7.254745583094595052e-01 1.249053793732867135e+01
1.353079178885630540e+01 7.206509464001104037e-01 1.223728575976804223e+01
1.354838709677419395e+01 7.157557320485057328e-01 1.198899355315973203e+01
1.356598240469208250e+01 7.107907432073152787e-01 1.174567824662489102e+01
1.358357771260996927e+01 7.057582194586750068e-01 1.150736159620187316e+01
1.360117302052785959e+01 7.006609000072310245e-01 1.127407242619000094e+01
1.361876832844574814e+01 6.955020535839908646e-01 1.104584581921126940e+01
1.363636363636363669e+01 6.902854464574034177e-01 1.082271976670398139e+01
1.365395894428152523e+01 6.850152524260236797e-01 1.060473004623407256e+01
1.367155425219941201e+01 6.796959158104899368e-01 1.039190423375551831e+01
1.368914956011730233e+01 6.743319841807379200e-01 1.018425577999536813e+01
1.370674486803519088e+01 6.689279311472132727e-01 9.981778988674289366e+00
1.372434017595307942e+01 6.634879905902515418e-01 9.784445551742814828e+00
1.374193548387096797e+01 6.580160221043683810e-01 9.592203053547555314e+00
1.375953079178885652e+01 6.525154234265558850e-01 9.404975585977039643e+00
1.377712609970674507e+01 6.469890997236814600e-01 9.222666353520278193e+00
1.379472140762463361e+01 6.414394925764749233e-01 9.045161919675434703e+00
1.381231671554252216e+01 6.358686641843499521e-01 8.872337576268714443e+00
1.382991202346041071e+01 6.302784256161209075e-01 8.704063218852335027e+00
1.384750733137829926e+01 6.246704926536029712e-01 8.540209089773806994e+00
1.386510263929618780e+01 6.190466495497186639e-01 8.380650802792901644e+00
1.388269794721407635e+01 6.134089002318251493e-01 8.225273178784098249e+00
1.390029325513196490e+01 6.077595882085309320e-01 8.073972584344236481e+00
1.391788856304985345e+01 6.021014704585783139e-01 7.926657652889947947e+00
1.393548387096774199e+01 5.964377363825713596e-01 7.783248457952209876e+00
1.395307917888563054e+01 5.907719697480114940e-01 7.643674378490090682e+00
1.397067448680351909e+01 5.851080585934322897e-01 7.507871027362275740e+00
1.398826979472140764e+01 5.794500643983597765e-01 7.375776693588580457e+00
1.400586510263929618e+01 5.738020666938339343e-01 7.247328770945710374e+00
1.402346041055718473e+01 5.681680020985740986e-01 7.122460611342606995e+00
1.404105571847507328e+01 5.625515172103138228e-01 7.001099159655357340e+00
1.405865102639296182e+01 5.569558528438269818e-01 6.883163610293007828e+00
1.407624633431085215e+01 5.513837730710230423e-01 6.768565190706029355e+00
1.409384164222873892e+01 5.458375469097629384e-01 6.657208039786974396e+00
1.411143695014662747e+01 5.403189840311808378e-01 6.548991024908063174e+00
1.412903225806451601e+01 5.348295193028240746e-01 6.443810242777159303e+00
1.414662756598240456e+01 5.293703351423975079e-01 6.341561885310937008e+00
1.416422287390029311e+01 5.239425062177528458e-01 6.242145127180738662e+00
1.418181818181818166e+01 5.185471485108891221e-01 6.145464707064416388e+00
1.419941348973607020e+01 5.131855544547727632e-01 6.051432926261419709e+00
1.421700879765395875e+01 5.078592977705983502e-01 5.959970868738182048e+00
1.423460410557184730e+01 5.025702955279527373e-01 5.871008745487781511e+00
1.425219941348973762e+01 4.973208203268096317e-01 5.784485371168874401e+00
1.426979472140762439e+01 4.921134616808088280e-01 5.700346879855798576e+00
1.428739002932551294e+01 4.869510418943369667e-01 5.618544868158984684e+00
1.430498533724340149e+01 4.818364972025480641e-01 5.539034209309743773e+00
1.432258064516129004e+01 4.767727390208720273e-01 5.461770806028595437e+00
1.434017595307917858e+01 4.717625123520483021e-01 5.386709542100674319e+00
1.435777126099706713e+01 4.668082684929218962e-01 5.313802655453101487e+00
1.437536656891495568e+01 4.619120672021543306e-01 5.242998695229120543e+00
1.439296187683284423e+01 4.570755197169131256e-01 5.174242150130896611e+00
1.441055718475073277e+01 4.522997789300091109e-01 5.107473754421964607e+00
1.442815249266862310e+01 4.475855772896979445e-01 5.042631400664955521e+00
1.444574780058650987e+01 4.429333072548371497e-01 4.979651522725506929e+00
1.446334310850439842e+01 4.383431341068056430e-01 4.918470765334722827e+00
1.448093841642228874e+01 4.338151271720239732e-01 4.859027731872739508e+00
1.449853372434017551e+01 4.293493934755288621e-01 4.801264601809814181e+00
1.451612903225806406e+01 4.249461977536171386e-01 4.745128432581624089e+00
1.453372434017595261e+01 4.206060545961750052e-01 4.690572004190302735e+00
1.455131964809384115e+01 4.163297820297179874e-01 4.637554122957383562e+00
1.456891495601173148e+01 4.121185106459359648e-01 4.586039366474002676e+00
1.458651026392961825e+01 4.079736478308799152e-01 4.535997317042070875e+00
1.460410557184750857e+01 4.038968020836719020e-01 4.487401388182549411e+00
1.462170087976539534e+01 3.998896771659603555e-01 4.440227391696040193e+00
1.463929618768328389e+01 3.959539493258342757e-01 4.394452016886395640e+00
1.465689149560117421e+01 3.920911426892079721e-01 4.350051396926738256e+00
1.467448680351906098e+01 3.883025179174725561e-01 4.306999920545312222e+00
1.469208211143694953e+01 3.845889874292592880e-01 4.265269413107216856e+00
1.470967741935483808e+01 3.809510671293518391e-01 4.224828764439769735e+00
1.472727272727272663e+01 3.773888701055224115e-01 4.185644027158832436e+00
1.474486803519061695e+01 3.739021426917488733e-01 4.147678954999517664e+00
1.476246334310850372e+01 3.704903382545541302e-01 4.110895901689818110e+00
1.478005865102639405e+01 3.671527196254142367e-01 4.075256962384413484e+00
1.479765395894428082e+01 3.638884777874412668e-01 4.040725215508010670e+00
1.481524926686216936e+01 3.606968526076347326e-01 4.007265915351748475e+00
1.483284457478005969e+01 3.575772412917812004e-01 3.974847495418115439e+00
1.485043988269794646e+01 3.545292818330343931e-01 3.943442267927003808e+00
1.486803519061583501e+01 3.515529018291588814e-01 3.913026742910413969e+00
1.488563049853372533e+01 3.486483272778048148e-01 3.883581536339717921e+00
1.490322580645161210e+01 3.458160508050464599e-01 3.855090885228957376e+00
1.492082111436950242e+01 3.430567636484985750e-01 3.827541832908706976e+00
1.493841642228738920e+01 3.403712600129441546e-01 3.800923184432722035e+00
1.495601173020527952e+01 3.377603256310153790e-01 3.775224356285016292e+00
1.497360703812316807e+01 3.352246241234889679e-01 3.750434253761420145e+00
1.499120234604105484e+01 3.327645948760659667e-01 3.726540303027071843e+00
1.500879765395894339e+01 3.303803746442145473e-01 3.703527744131545063e+00
1.502639296187683193e+01 3.280717521705889816e-01 3.681379259015837846e+00
1.504398826979472048e+01 3.258381611121140553e-01 3.660074968698090903e+00
1.506158357771261080e+01 3.236787120038996934e-01 3.639592791001186267e+00
1.507917888563049935e+01 3.215922593670831886e-01 3.619909109145399206e+00
1.509677419354838612e+01 3.195774959313262831e-01 3.600999666753409212e+00
1.511436950146627467e+01 3.176330627649519012e-01 3.582840580046433576e+00
1.513196480938416499e+01 3.157576622547730305e-01 3.565409345923717055e+00
1.514956011730205354e+01 3.139501605713718724e-01 3.548685726513336469e+00
1.516715542521994209e+01 3.122096675340922389e-01 3.532652406413753887e+00
1.518475073313782886e+01 3.105355845068297760e-01 3.517295346395252764e+00
1.520234604105571741e+01 3.089276147891798496e-01 3.502603793557401257e+00
1.521994134897360595e+01 3.073857354583048318e-01 3.488569948551426325e+00
1.523753665689149628e+01 3.059101342218800146e-01 3.475188330635675893e+00
1.525513196480938483e+01 3.045011190060514794e-01 3.462454916292916351e+00
1.527272727272727160e+01 3.031590112252110503e-01 3.450366152835606215e+00
1.529032258064516014e+01 3.018840355838146583e-01 3.438917961992483452e+00
1.530791788856305047e+01 3.006762196300927226e-01 3.428104848544892391e+00
1.532551319648093902e+01 2.995353150888008242e-01 3.417919215905174113e+00
1.534310850439882756e+01 2.984607503983715548e-01 3.408350965825438283e+00
1.536070381231671433e+01 2.974516201800316284e-01 3.399387426148077651e+00
1.537829912023460288e+01 2.965067130041212362e-01 3.391013612461365234e+00
1.539589442815249143e+01 2.956245742946196353e-01 3.383212790957738747e+00
1.541348973607038175e+01 2.948035970463510624e-01 3.375967274988703970e+00
1.543108504398827030e+01 2.940421297028360526e-01 3.369259360663184211e+00
1.544868035190616062e+01 2.933385884498816987e-01 3.363072290467029823e+00
1.546627565982404562e+01 2.926915605795580300e-01 3.357391130281230041e+00
1.548387096774193594e+01 2.920998865606085904e-01 3.352203454930536175e+00
1.550146627565982449e+01 2.915627109184338872e-01 3.347499759548779430e+00
1.551906158357771304e+01 2.910794957010208184e-01 3.343273546126127371e+00
1.553665689149560336e+01 2.906499947552070862e-01 3.339521072878541386e+00
1.555425219941348836e+01 2.902741917257307125e-01 3.336240793987388376e+00
1.557184750733137690e+01 2.899522090511333361e-01 3.333432554017803362e+00
1.558944281524926723e+01 2.896841987355748826e-01 3.331096630522588864e+00
1.560703812316715577e+01 2.894702279029479075e-01 3.329232736534055270e+00
1.562463343108504610e+01 2.893101728243179238e-01 3.327839099746869866e+00
1.564222873900293109e+01 2.892036341730400140e-01 3.326911726677117098e+00
1.565982404692082142e+01 2.891498838155755480e-01 3.326443938987277082e+00
1.567741935483870996e+01 2.891478497732913877e-01 3.326426237913075123e+00
1.569501466275659851e+01 2.891961415124925106e-01 3.326846514825579693e+00
1.571260997067448884e+01 2.892931129474881069e-01 3.327690585622510966e+00
1.573020527859237383e+01 2.894369560243935657e-01 3.328942988392284086e+00
1.574780058651026238e+01 2.896258140194764574e-01 3.330587952002620700e+00
1.576539589442815270e+01 2.898579011879189871e-01 3.332610421734211403e+00
1.578299120234604125e+01 2.901316144571634004e-01 3.334997019569049481e+00
1.580058651026393157e+01 2.904456236200723684e-01 3.337736822610062770e+00
1.581818181818181657e+01 2.907989288917252613e-01 3.340821863035286832e+00
1.583577712609970689e+01 2.911908784891446555e-01 3.344247284908582696e+00
1.585337243401759544e+01 2.916211436361655363e-01 3.348011133452135635e+00
1.587096774193548399e+01 2.920896535162450514e-01 3.352113796236845911e+00
1.588856304985337431e+01 2.925964975707566196e-01 3.356557157851395079e+00
1.590615835777125930e+01 2.931418065688163321e-01 3.361343564804062822e+00
1.592375366568914785e+01 2.937256265623273688e-01 3.366474721398642789e+00
1.594134897360703818e+01 2.943478008545856728e-01 3.371950647174459803e+00
1.595894428152492672e+01 2.950078743244919366e-01 3.377768820995808330e+00
1.597653958944281705e+01 2.957050319445541642e-01 3.383923616577516391e+00
1.599413489736070204e+01 2.964380793916045476e-01 3.390406101367843927e+00
1.601173020527859236e+01 2.972054687210086144e-01 3.397204228895704503e+00
1.602932551319647914e+01 2.980053667193813260e-01 3.404303408549776755e+00
1.604692082111436946e+01 2.988357583867415901e-01 3.411687391488675392e+00
1.606451612903225978e+01 2.996945736380645653e-01 3.419339372241114283e+00
1.608211143695014655e+01 3.005798222942788755e-01 3.427243177329711177e+00
1.609970674486803333e+01 3.014897211511821662e-01 3.435384398675325190e+00
1.611730205278592365e+01 3.024227975764360310e-01 3.443751332799156017e+00
1.613489736070381397e+01 3.033779566594349553e-01 3.452335607126375994e+00
1.615249266862170074e+01 3.043545031580237037e-01 3.461132410079359012e+00
1.617008797653959107e+01 3.053521148614352088e-01 3.470140288156914110e+00
1.618768328445747784e+01 3.063707698730133155e-01 3.479360525289094674e+00
1.620527859237536461e+01 3.074106359842482261e-01 3.488796171032824578e+00
1.622287390029325493e+01 3.084719350581425212e-01 3.498450828245115218e+00
1.624046920821114526e+01 3.095547985706896266e-01 3.508327342212081756e+00
1.625806451612903203e+01 3.106591317697019461e-01 3.518426547897795853e+00
1.627565982404691880e+01 3.117845031263335454e-01 3.528746228075000158e+00
1.629325513196480912e+01 3.129300729553355365e-01 3.539280412898542227e+00
1.631085043988269945e+01 3.140945705767418383e-01 3.550019113334170306e+00
1.632844574780058622e+01 3.152763236939937763e-01 3.560948530916857813e+00
1.634604105571847654e+01 3.164733374228984042e-01 3.572051730104607525e+00
1.636363636363636331e+01 3.176834143475720795e-01 3.583309703372008492e+00
1.638123167155425008e+01 3.189043018284890563e-01 3.594702709751076863e+00
1.639882697947214041e+01 3.201338491866944636e-01 3.606211730917394220e+00
1.641642228739003073e+01 3.213701558197679664e-01 3.617819870097806145e+00
1.643401759530792106e+01 3.226116920238692454e-01 3.629513521115826702e+00
1.645161290322580427e+01 3.238573772790515615e-01 3.641283158384076124e+00
1.646920821114369460e+01 3.251066056921462777e-01 3.653123641463373872e+00
1.648680351906158492e+01 3.263592146077077261e-01 3.665033985124399596e+00
1.650439882697947169e+01 3.276153993254170560e-01 3.677016610773083283e+00
1.652199413489736202e+01 3.288755835404101879e-01 3.689076159542516997e+00
1.653958944281524879e+01 3.301402607101096010e-01 3.701218003135448686e+00
1.655718475073313556e+01 3.314098253445395548e-01 3.713446628543807471e+00
1.657478005865102588e+01 3.326844147346141867e-01 3.725764091947793233e+00
1.659237536656891621e+01 3.339637806752249194e-01 3.738168732885486900e+00
1.660997067448680298e+01 3.352472074035202088e-01 3.750654312439327676e+00
1.662756598240468975e+01 3.365334866329849905e-01 3.763209691627985354e+00
1.664516129032258007e+01 3.378209538285597002e-01 3.775819103627384710e+00
1.666275659824047040e+01 3.391075825111149467e-01 3.788463002827922477e+00
1.668035190615835717e+01 3.403911262606759691e-01 3.801119403109002537e+00
1.669794721407624749e+01 3.416692920636984487e-01 3.813765555459398104e+00
1.671554252199413426e+01 3.429399244766989652e-01 3.826379769018674715e+00
1.673313782991202103e+01 3.442011783228256516e-01 3.838943156122664568e+00
1.675073313782991136e+01 3.454516585886918678e-01 3.851441084918378888e+00
1.676832844574780168e+01 3.466905098083630232e-01 3.863864153335121898e+00
1.678592375366569200e+01 3.479174431244609345e-01 3.876208552831204912e+00
1.680351906158357522e+01 3.491326967100865097e-01 3.888475763158346865e+00
1.682111436950146555e+01 3.503369333980081435e-01 3.900671601455370396e+00
1.683870967741935587e+01 3.515310871719831698e-01 3.912804729900150491e+00
1.685630498533724264e+01 3.527161766408429822e-01 3.924884795514372637e+00
1.687390029325513296e+01 3.538931079212326858e-01 3.936920424619861247e+00
1.689149560117301974e+01 3.550624909566043597e-01 3.948917316643454356e+00
1.690909090909090651e+01 3.562244919900111606e-01 3.960876674572165079e+00
1.692668621700879683e+01 3.573787408303713553e-01 3.972794173065342438e+00
1.694428152492668715e+01 3.585243051728070895e-01 3.984659604049617609e+00
1.696187683284457393e+01 3.596597362857861246e-01 3.996457260370349207e+00
1.697947214076246425e+01 3.607831817786599227e-01 4.008167029647576207e+00
1.699706744868035102e+01 3.618925529192867363e-01 4.019766083014935987e+00
1.701466275659824134e+01 3.629857270763691135e-01 4.031230967345979188e+00
1.703225806451612812e+01 3.640607611824868139e-01 4.042539854529886512e+00
1.704985337243401844e+01 3.651160902882081838e-01 4.053674675031132324e+00
1.706744868035190876e+01 3.661506866146121419e-01 4.064622869895766044e+00
1.708504398826979198e+01 3.671641589337009126e-01 4.075378536043955613e+00
1.710263929618768231e+01 3.681567791333403283e-01 4.085942810097925815e+00
1.712023460410557263e+01 3.691294316195639635e-01 4.096323427884603241e+00
1.713782991202346295e+01 3.700834906843668004e-01 4.106533498624727052e+00
1.715542521994134972e+01 3.710206399256568699e-01 4.116589631563256191e+00
1.717302052785923649e+01 3.719426551124579983e-01 4.126509635619339811e+00
1.719061583577712682e+01 3.728511766206761280e-01 4.136310068895058478e+00
1.720821114369501359e+01 3.737474991328459395e-01 4.146003937504446846e+00
1.722580645161290391e+01 3.746324045051972473e-01 4.155598829408571504e+00
1.724340175953079424e+01 3.755060587664937333e-01 4.165095720403810375e+00
1.726099706744867746e+01 3.763679867018212000e-01 4.174488611727228182e+00
1.727859237536656778e+01 3.772171282576801676e-01 4.183765060710450179e+00
1.729618768328445810e+01 3.780519711473087074e-01 4.192907558602758655e+00
1.731378299120234487e+01 3.788707446888844310e-01 4.201895605391275268e+00
1.733137829912023520e+01 3.796716521958444224e-01 4.210708242577601901e+00
1.734897360703812197e+01 3.804531141268358008e-01 4.219326742679071707e+00
1.736656891495601229e+01 3.812139923874274805e-01 4.227737127414942009e+00
1.738416422287389906e+01 3.819537679742516234e-01 4.235932199922807229e+00
1.740175953079178939e+01 3.826726494376287424e-01 4.243912829777555018e+00
1.741935483870967971e+01 3.833715978277381642e-01 4.251688317497797520e+00
1.743695014662756293e+01 3.840522638988202453e-01 4.259275777074576830e+00
1.745454545454545325e+01 3.847168441177526987e-01 4.266698596664314280e+00
1.747214076246334358e+01 3.853678720940353908e-01 4.273984153166772160e+00
1.748973607038123390e+01 3.860079701440010669e-01 4.281161050992253969e+00
1.750733137829912067e+01 3.866395908075251908e-01 4.288256216875811155e+00
1.752492668621700744e+01 3.872647796269689247e-01 4.295292203641504436e+00
1.754252199413489777e+01 3.878849882025800500e-01 4.302285034087573123e+00
1.756011730205278454e+01 3.885009607385839225e-01 4.309242854543430035e+00
1.757771260997067486e+01 3.891127086724640582e-01 4.316165573457197091e+00
1.759530791788856519e+01 3.897195775330207224e-01 4.323045544344825686e+00
1.761290322580644840e+01 3.903203991017225039e-01 4.329869227590237735e+00
1.763049853372433873e+01 3.909137115407280150e-01 4.336619646067085831e+00
1.764809384164222905e+01 3.914980216407420444e-01 4.343279349402057399e+00
1.766568914956011582e+01 3.920720777932676371e-01 4.349833533447895029e+00
1.768328445747800615e+01 3.926351204586653321e-01 4.356272934720809786e+00
1.770087976539589647e+01 3.931870791120317676e-01 4.362596139152700836e+00
1.771847507331378324e+01 3.937286907365691313e-01 4.368811009778907462e+00
1.773607038123167001e+01 3.942615242235110729e-01 4.374935041993215812e+00
1.775366568914956034e+01 3.947879064116779912e-01 4.380994585184812884e+00
1.777126099706745066e+01 3.953107575413211672e-01 4.387023009360270009e+00
1.778885630498533743e+01 3.958333550840997805e-01 4.393058026625848100e+00
1.780645161290322420e+01 3.963590538329763713e-01 4.399138483262130528e+00
1.782404692082111453e+01 3.968909956842601727e-01 4.405301005334686160e+00
1.784164222873900485e+01 3.974318440526319884e-01 4.411576901481917723e+00
1.785923753665689162e+01 3.979835751680104727e-01 4.417989698835366852e+00
1.787683284457478194e+01 3.985473519471545156e-01 4.424553615784800442e+00
1.789442815249266872e+01 3.991234964891707815e-01 4.431273167162403936e+00
1.791202346041055549e+01 3.997115656134462292e-01 4.438143965494710130e+00
1.792961876832844581e+01 4.003105215710823783e-01 4.445154640841359139e+00
1.794721407624633613e+01 4.009189785197410649e-01 4.452289666945771884e+00
1.796480938416422291e+01 4.015354959204353036e-01 4.459532768485629184e+00
1.798240469208210968e+01 4.021588838604283067e-01 4.466870507039674365e+00
1.800000000000000000e+01 4.027884832620505229e-01 4.474295612677985368e+00
