0.000000000000000000e+00 9.052194719037466308e-01 4.017787194473642387e+01
1.759530791788856130e-02 9.044791581692326332e-01 3.985058411005240231e+01
3.519061583577712260e-02 9.022616534921973352e-01 3.889988813715832805e+01
5.278592375366569084e-02 8.985772297718258583e-01 3.741214613493485786e+01
7.038123167155424520e-02 8.934428845112473150e-01 3.551039291245644591e+01
8.797653958944282038e-02 8.868821682211741608e-01 3.333135493116375869e+01
1.055718475073313817e-01 8.789249626786447278e-01 3.100511059764784960e+01
1.231671554252199430e-01 8.696072258530115340e-01 2.864163229348885764e+01
1.407624633431084904e-01 8.589707188369695157e-01 2.632491743987410615e+01
1.583577712609970656e-01 8.470627271961141957e-01 2.411304238842668113e+01
1.759530791788856408e-01 8.339357843626739042e-01 2.204169911903694512e+01
1.935483870967741882e-01 8.196473989519601488e-01 2.012909700718078199e+01
2.111436950146627634e-01 8.042597822298948040e-01 1.838084407739786386e+01
2.287390029325513108e-01 7.878395674209702770e-01 1.679411220524062998e+01
2.463343108504398860e-01 7.704575099115444914e-01 1.536086712982729630e+01
2.639296187683284334e-01 7.521881571072699391e-01 1.407020645153179572e+01
2.815249266862169808e-01 7.331094787527916434e-01 1.290995916236684593e+01
2.991202346041055837e-01 7.133024525050341014e-01 1.186772325054299593e+01
3.167155425219941312e-01 6.928506047244340493e-01 1.093149983913576229e+01
3.343108504398826786e-01 6.718395118800486454e-01 1.009005034778306431e+01
3.519061583577712815e-01 6.503562727083663786e-01 9.333070806152759857e+00
3.695014662756598289e-01 6.284889645350458798e-01 8.651250099555060302e+00
3.870967741935483764e-01 6.063260984699385681e-01 8.036257847755539530e+00
4.046920821114369238e-01 5.839560873955781384e-01 7.480692262811277082e+00
4.222873900293255267e-01 5.614667380387740048e-01 6.978007571163048262e+00
4.398826979472141296e-01 5.389447745047416527e-01 6.522433261055303966e+00
4.574780058651026216e-01 5.164753962135560927e-01 6.108892549956920881e+00
4.750733137829911690e-01 4.941418690051500029e-01 5.732924304072505528e+00
4.926686217008797719e-01 4.720251449639286667e-01 5.390610632730746588e+00
5.102639296187683193e-01 4.502035047306134352e-01 5.078511136221361966e+00
5.278592375366568668e-01 4.287522158998027799e-01 4.793604039475641621e+00
5.454545454545454142e-01 4.077432024269747601e-01 4.533234015662054084e+00
5.630498533724339616e-01 3.872447224088895190e-01 4.295066273768406440e+00
5.806451612903226200e-01 3.673210546065424076e-01 4.077046374623355618e+00
5.982404692082111675e-01 3.480321970423121969e-01 3.877365200720676697e+00
6.158357771260997149e-01 3.294335833743035069e-01 3.694428505533385643e+00
6.334310850439882623e-01 3.115758241375267690e-01 3.526830488925940532e+00
6.510263929618768097e-01 2.945044801644188248e-01 3.373330875914631211e+00
6.686217008797653572e-01 2.782598746052357130e-01 3.232835010518776198e+00
6.862170087976539046e-01 2.628769482075115071e-01 3.104376511994651366e+00
7.038123167155425630e-01 2.483851602588864893e-01 2.987102076407607942e+00
7.214076246334311104e-01 2.348084352699968680e-01 2.880258042443018862e+00
7.390029325513196579e-01 2.221651534555210417e-01 2.783178377448273899e+00
7.565982404692082053e-01 2.104681816356099577e-01 2.695273779247374435e+00
7.741935483870967527e-01 1.997249404552516594e-01 2.616021632850594525e+00
7.917888563049854111e-01 1.899375037823758938e-01 2.544956610345697090e+00
8.093841642228738475e-01 1.811027266489260434e-01 2.481661758100675907e+00
8.269794721407623950e-01 1.732123989173826040e-01 2.425759977922514299e+00
8.445747800586510534e-01 1.662534227439709245e-01 2.376905876140254392e+00
8.621700879765396008e-01 1.602080126586605813e-01 2.334778022355159965e+00
8.797653958944282593e-01 1.550539175544014270e-01 2.299071720825573095e+00
8.973607038123166957e-01 1.507646640276111005e-01 2.269492443209670807e+00
9.149560117302052431e-01 1.473098203773346715e-01 2.245750092644442919e+00
9.325513196480939015e-01 1.446552802501545054e-01 2.227554259401207215e+00
9.501466275659823379e-01 1.427635645336985670e-01 2.214610586388836566e+00
9.677419354838709964e-01 1.415941397619200626e-01 2.206618294238479994e+00
9.853372434017595438e-01 1.411037510661284078e-01 2.203268832737880434e+00
1.002932551319648091e+00 1.412467675969717451e-01 2.204245543879357783e+00
1.020527859237536639e+00 1.419755383119923609e-01 2.209224157157185342e+00
1.038123167155425186e+00 1.432407559957836474e-01 2.217873900788379871e+00
1.055718475073313734e+00 1.449918272758494442e-01 2.229859006914791664e+00
1.073313782991202281e+00 1.471772461630463380e-01 2.244840411094156440e+00
1.090909090909090828e+00 1.497449682750471300e-01 2.262477487961068956e+00
1.108504398826979376e+00 1.526427824457065319e-01 2.282429715360463796e+00
1.126099706744867923e+00 1.558186759830622603e-01 2.304358209023692261e+00
1.143695014662756693e+00 1.592211895415371337e-01 2.327927112274442933e+00
1.161290322580645240e+00 1.627997575420368492e-01 2.352804856962575908e+00
1.178885630498533788e+00 1.665050303904569984e-01 2.378665332324239934e+00
1.196480938416422335e+00 1.702891754274035163e-01 2.405189009082151497e+00
1.214076246334310660e+00 1.741061545279842249e-01 2.432064068917068944e+00
1.231671554252199430e+00 1.779119774246377128e-01 2.458987586474417064e+00
1.249266862170087977e+00 1.816649309622343500e-01 2.485666803813925352e+00
1.266862170087976525e+00 1.853257854135974270e-01 2.511820526552322352e+00
1.284457478005865072e+00 1.888579795142351636e-01 2.537180657350075919e+00
1.302052785923753619e+00 1.922277859135153588e-01 2.561493866206490555e+00
1.319648093841642389e+00 1.954044582751181813e-01 2.584523378836637963e+00
1.337243401759530714e+00 1.983603603826757100e-01 2.606050845264008320e+00
1.354838709677419262e+00 2.010710764948379359e-01 2.625878232277042201e+00
1.372434017595307809e+00 2.035155010813664289e-01 2.643829667601109712e+00
1.390029325513196357e+00 2.056759052033119428e-01 2.659753152705482293e+00
1.407624633431085126e+00 2.075379763833681002e-01 2.673522057002592600e+00
1.425219941348973673e+00 2.090908289751335636e-01 2.685036310019501826e+00
1.442815249266862221e+00 2.103269828024355581e-01 2.694223220110226524e+00
1.460410557184750768e+00 2.112423091080962156e-01 2.701037867427211747e+00
1.478005865102639316e+00 2.118359444333407227e-01 2.705463043068593532e+00
1.495601173020527863e+00 2.121101746892654905e-01 2.707508732657618822e+00
1.513196480938416411e+00 2.120702931112457834e-01 2.707211167885489100e+00
1.530791788856304958e+00 2.117244367733034927e-01 2.704631490809853211e+00
1.548387096774193505e+00 2.110834067301686767e-01 2.699854090766755199e+00
1.565982404692082053e+00 2.101604766063656093e-01 2.692984681555963711e+00
1.583577712609970822e+00 2.089711936344710586e-01 2.684148187249489670e+00
1.601173020527859370e+00 2.075331749287846195e-01 2.673486499794210935e+00
1.618768328445747695e+00 2.058659004011260396e-01 2.661156162523345969e+00
1.636363636363636243e+00 2.039905024386621801e-01 2.647326023051856492e+00
1.653958944281524790e+00 2.019295514991086560e-01 2.632174888932084844e+00
1.671554252199413559e+00 1.997068362992674984e-01 2.615889211467742115e+00
1.689149560117302107e+00 1.973471373476093360e-01 2.598660818031051534e+00
1.706744868035190654e+00 1.948759931672675028e-01 2.580684711087353644e+00
1.724340175953079202e+00 1.923194595474423951e-01 2.562156952202472304e+00
1.741935483870967749e+00 1.897038633590906187e-01 2.543272650455238537e+00
1.759530791788856519e+00 1.870555536575498057e-01 2.524224075640321807e+00
1.777126099706744844e+00 1.844006537657739697e-01 2.505198916339472781e+00
1.794721407624633391e+00 1.817648186302404933e-01 2.486378700673925746e+00
1.812316715542521939e+00 1.791730018822601522e-01 2.467937393150445136e+00
1.829912023460410486e+00 1.766492367159744614e-01 2.450040174807433857e+00
1.847507331378299256e+00 1.742164339808728590e-01 2.432842406584068140e+00
1.865102639296187803e+00 1.718961999067138702e-01 2.416488768427844214e+00
1.882697947214076351e+00 1.697086747866738965e-01 2.401112560105445493e+00
1.900293255131964676e+00 1.676723928953197662e-01 2.386835144819667409e+00
1.917888563049853445e+00 1.658041630420625245e-01 2.373765514108603814e+00
1.935483870967741993e+00 1.641189685473178339e-01 2.361999952313010631e+00
1.953079178885630762e+00 1.626298851174080295e-01 2.351621780992577460e+00
1.970674486803519088e+00 1.613480150777768241e-01 2.342701167610305113e+00
1.988269794721407413e+00 1.602824366556926394e-01 2.335294987943714595e+00
2.005865102639296182e+00 1.594401674112318479e-01 2.329446737294958769e+00
2.023460410557184730e+00 1.588261414153047946e-01 2.325186490952936946e+00
2.041055718475073277e+00 1.584432002830917507e-01 2.322530918912898645e+00
2.058651026392961825e+00 1.582920986179039702e-01 2.321483363154242419e+00
2.076246334310850372e+00 1.583715247465556919e-01 2.322033987575485181e+00
2.093841642228738920e+00 1.586781377920951086e-01 2.324160010928561615e+00
2.111436950146627467e+00 1.592066221088671019e-01 2.327826031874749901e+00
2.129032258064516014e+00 1.599497598897745010e-01 2.332984452805900055e+00
2.146627565982404562e+00 1.608985223532146402e-01 2.339576005615743082e+00
2.164222873900293109e+00 1.620421793508346198e-01 2.347530378493383196e+00
2.181818181818181657e+00 1.633684265484761367e-01 2.356766938407415690e+00
2.199413489736070648e+00 1.648635285814153972e-01 2.367195539646800739e+00
2.217008797653958752e+00 1.665124758479342715e-01 2.378717405001453233e+00
2.234604105571847743e+00 1.682991519701645677e-01 2.391226063329379148e+00
2.252199413489735846e+00 1.702065085063320937e-01 2.404608325768401667e+00
2.269794721407624394e+00 1.722167433195188613e-01 2.418745283027964987e+00
2.287390029325513385e+00 1.743114791422125942e-01 2.433513308205336845e+00
2.304985337243401489e+00 1.764719393293849026e-01 2.448785053353363494e+00
2.322580645161290480e+00 1.786791185226162815e-01 2.464430433252468688e+00
2.340175953079178583e+00 1.809139468622057156e-01 2.480317595894415472e+00
2.357771260997067575e+00 1.831574473525539870e-01 2.496313885215073025e+00
2.375366568914956122e+00 1.853908868576335522e-01 2.512286806625927849e+00
2.392961876832844670e+00 1.875959218318922483e-01 2.528105008907540974e+00
2.410557184750733217e+00 1.897547401625382379e-01 2.543639296246093640e+00
2.428152492668621321e+00 1.918502003514390430e-01 2.558763681176217109e+00
2.445747800586510312e+00 1.938659687080439842e-01 2.573356482984368032e+00
2.463343108504398860e+00 1.957866543410873572e-01 2.587301467315657799e+00
2.480938416422287407e+00 1.975979406717995046e-01 2.600489012409375356e+00
2.498533724340175954e+00 1.992867111317448425e-01 2.612817277035547558e+00
2.516129032258064502e+00 2.008411658507011921e-01 2.624193336438886970e+00
2.533724340175953049e+00 2.022509256562807223e-01 2.634534246922906497e+00
2.551319648093841597e+00 2.035071197120467135e-01 2.643767998233337302e+00
2.568914956011730144e+00 2.046024536490970436e-01 2.651834316110967649e+00
2.586510263929618691e+00 2.055312560421455881e-01 2.658685285018350442e+00
2.604105571847507239e+00 2.062895024062973981e-01 2.664285772102202632e+00
2.621700879765395786e+00 2.068748173456723682e-01 2.668613646349783597e+00
2.639296187683284778e+00 2.072864568440271615e-01 2.671659799736243013e+00
2.656891495601172881e+00 2.075252737378793511e-01 2.673427988067958339e+00
2.674486803519061429e+00 2.075936699931232865e-01 2.673934516698329045e+00
2.692082111436949976e+00 2.074955394348667326e-01 2.673207799453056310e+00
2.709677419354838523e+00 2.072362040697270369e-01 2.671287817861240477e+00
2.727272727272727515e+00 2.068223461937910290e-01 2.668225502832443752e+00
2.744868035190615618e+00 2.062619372743594026e-01 2.664082053561860786e+00
2.762463343108504610e+00 2.055641633471224083e-01 2.658928200360596517e+00
2.780058651026392713e+00 2.047393456037513160e-01 2.652843411010394004e+00
2.797653958944281705e+00 2.037988541445281410e-01 2.645915035565451934e+00
2.815249266862170252e+00 2.027550126572713329e-01 2.638237383167750583e+00
2.832844574780058355e+00 2.016209920930825128e-01 2.629910726628034823e+00
2.850439882697947347e+00 2.004106921878420211e-01 2.621040235785355055e+00
2.868035190615835450e+00 1.991386107945267159e-01 2.611734847954020999e+00
2.885630498533724442e+00 1.978197022607308397e-01 2.602106091704550206e+00
2.903225806451612989e+00 1.964692273033666059e-01 2.592266887327670855e+00
2.920821114369501537e+00 1.951025978078861356e-01 2.582330352303814802e+00
2.938416422287390084e+00 1.937352205679420125e-01 2.572408642056980277e+00
2.956011730205278631e+00 1.923823441051346061e-01 2.562611854852719251e+00
2.973607038123167179e+00 1.910589123655424271e-01 2.553047025109115520e+00
2.991202346041055726e+00 1.897794283492817147e-01 2.543817222315063464e+00
3.008797653958944274e+00 1.885578297167382622e-01 2.535020764224918288e+00
3.026392961876832821e+00 1.874073772877916100e-01 2.526750544208678395e+00
3.043988269794721369e+00 1.863405562723449704e-01 2.519093464736014809e+00
3.061583577712609916e+00 1.853689891869187423e-01 2.512129962913307590e+00
3.079178885630498907e+00 1.845033588303285621e-01 2.505933610414877055e+00
3.096774193548387011e+00 1.837533394682313026e-01 2.500570769314898634e+00
3.114369501466275558e+00 1.831275345145245148e-01 2.496100287124014105e+00
3.131964809384164106e+00 1.826334194500449926e-01 2.492573218324728668e+00
3.149560117302052653e+00 1.822772893986338849e-01 2.490032565198757375e+00
3.167155425219941645e+00 1.820642115755259083e-01 2.488513036928561739e+00
3.184750733137829748e+00 1.819979836117595340e-01 2.488040831984739576e+00
3.202346041055718739e+00 1.820810994262272720e-01 2.488633453904904425e+00
3.219941348973606843e+00 1.823147247691979944e-01 2.490299574107126102e+00
3.237536656891495390e+00 1.826986847321851737e-01 2.493038956950693219e+00
3.255131964809384382e+00 1.832314653788711112e-01 2.496842461689305903e+00
3.272727272727272485e+00 1.839102312080999058e-01 2.501692133336217427e+00
3.290322580645161477e+00 1.847308594561351269e-01 2.507561390086704201e+00
3.307917888563049580e+00 1.856879913566430729e-01 2.514415309331487602e+00
3.325513196480938571e+00 1.867750995027757099e-01 2.522211008108403707e+00
3.343108504398827119e+00 1.879845695101769465e-01 2.530898107830696908e+00
3.360703812316715666e+00 1.893077933792712830e-01 2.540419268068381697e+00
3.378299120234604214e+00 1.907352714044748543e-01 2.550710770739636590e+00
3.395894428152492317e+00 1.922567192559849758e-01 2.561703134827498118e+00
3.413489736070381309e+00 1.938611770063074502e-01 2.573321742957833003e+00
3.431085043988269856e+00 1.955371173800322382e-01 2.585487464826449866e+00
3.448680351906158403e+00 1.972725513107934370e-01 2.598117268164124916e+00
3.466275659824046951e+00 1.990551298855751938e-01 2.611124814962948903e+00
3.483870967741935498e+00 2.008722427994557858e-01 2.624421048070816553e+00
3.501466275659824046e+00 2.027111143739317167e-01 2.637914779865746961e+00
3.519061583577713037e+00 2.045588988574272293e-01 2.651513299432195936e+00
3.536656891495601140e+00 2.064027770092451697e-01 2.665123016555887681e+00
3.554252199413489688e+00 2.082300558044144767e-01 2.678650159366809724e+00
3.571847507331378235e+00 2.100282724919149691e-01 2.692001537511095943e+00
3.589442815249266783e+00 2.117853032704976601e-01 2.705085374784425234e+00
3.607038123167155774e+00 2.134894756567605467e-01 2.717812205191857178e+00
3.624633431085043878e+00 2.151296823961966476e-01 2.730095815796321546e+00
3.642228739002932869e+00 2.166954937122925473e-01 2.741854210070577835e+00
3.659824046920820972e+00 2.181772639874080266e-01 2.753010558326812518e+00
3.677419354838709520e+00 2.195662287584186634e-01 2.763494098406113597e+00
3.695014662756598511e+00 2.208545882513574532e-01 2.773240950869388488e+00
3.712609970674486615e+00 2.220355745447963325e-01 2.782194818447411677e+00
3.730205278592375606e+00 2.231035007256757519e-01 2.790307548751033373e+00
3.747800586510263710e+00 2.240537918965261888e-01 2.797539550842094158e+00
3.765395894428152701e+00 2.248829993808926786e-01 2.803860068426644592e+00
3.782991202346041248e+00 2.255888007222036362e-01 2.809247323241420347e+00
3.800586510263929352e+00 2.261699888846015472e-01 2.813688549969158625e+00
3.818181818181817899e+00 2.266264543167481882e-01 2.817179947570422005e+00
3.835777126099706891e+00 2.269591631975159396e-01 2.819726570826888601e+00
3.853372434017595438e+00 2.271701343108427085e-01 2.821342180543626732e+00
3.870967741935483986e+00 2.272624157478790874e-01 2.822049062388600316e+00
3.888563049853372089e+00 2.272400612229375505e-01 2.821877814438837451e+00
3.906158357771261525e+00 2.271081044566972684e-01 2.820867094075800274e+00
3.923753665689149628e+00 2.268725290533543382e-01 2.819063307750365954e+00
3.941348973607038175e+00 2.265402307540308746e-01 2.816520223717693838e+00
3.958944281524926723e+00 2.261189689826576255e-01 2.813298488853579915e+00
3.976539589442814826e+00 2.256173052128965795e-01 2.809465036045393660e+00
3.994134897360704262e+00 2.250445267806163996e-01 2.805092377569116113e+00
4.011730205278592365e+00 2.244105561730951603e-01 2.800257790874178365e+00
4.029325513196480912e+00 2.237258473221743205e-01 2.795042414504259387e+00
4.046920821114369460e+00 2.230012717815114121e-01 2.789530281656652289e+00
4.064516129032258007e+00 2.222479986725403867e-01 2.783807325576928449e+00
4.082111436950146555e+00 2.214773727938702808e-01 2.777960393578596143e+00
4.099706744868035102e+00 2.207007952396444483e-01 2.772076304622767662e+00
4.117302052785923649e+00 2.199296102869759684e-01 2.766240979441896730e+00
4.134897360703812197e+00 2.191750012949675863e-01 2.760538663102764634e+00
4.152492668621700744e+00 2.184478970730145686e-01 2.755051249058119822e+00
4.170087976539589292e+00 2.177588888226601738e-01 2.749857702708011775e+00
4.187683284457477839e+00 2.171181565353970666e-01 2.745033572799540522e+00
4.205278592375366387e+00 2.165354028111786122e-01 2.740650571888891385e+00
4.222873900293254934e+00 2.160197915700156068e-01 2.736776203393588514e+00
4.240469208211143481e+00 2.155798891157711950e-01 2.733473412777349232e+00
4.258064516129032029e+00 2.152236054601353865e-01 2.730800243913241054e+00
4.275659824046920576e+00 2.149581346420595951e-01 2.728809487970630610e+00
4.293255131964809124e+00 2.147898938493190413e-01 2.727548320236159896e+00
4.310850439882698559e+00 2.147244622990561735e-01 2.727057928886698512e+00
4.328445747800586219e+00 2.147665218917218510e-01 2.727373147648464613e+00
4.346041055718474766e+00 2.149198024633923454e-01 2.728522110412360480e+00
4.363636363636363313e+00 2.151870349080057532e-01 2.730525949421563237e+00
4.381231671554251861e+00 2.155699154575691501e-01 2.733398559157193208e+00
4.398826979472141296e+00 2.160690839875575864e-01 2.737146445483247259e+00
4.416422287390028956e+00 2.166841184061944203e-01 2.741768674322590638e+00
4.434017595307917503e+00 2.174135460907805628e-01 2.747256926816897593e+00
4.451612903225806051e+00 2.182548720894043337e-01 2.753595659520506445e+00
4.469208211143695486e+00 2.192046225708512985e-01 2.760762359782265918e+00
4.486803519061584034e+00 2.202584009391068409e-01 2.768727879189113228e+00
4.504398826979471693e+00 2.214109532724874430e-01 2.777456822774685641e+00
4.521994134897360240e+00 2.226562394047916227e-01 2.786907969391727580e+00
4.539589442815248788e+00 2.239875060876355684e-01 2.797034699614774578e+00
4.557184750733138223e+00 2.253973592481590682e-01 2.807785411765086447e+00
4.574780058651026771e+00 2.268778333091170385e-01 2.819103913665612193e+00
4.592375366568914430e+00 2.284204567369630123e-01 2.830929786654132752e+00
4.609970674486802977e+00 2.300163142547995976e-01 2.843198727994068697e+00
4.627565982404692413e+00 2.316561073101560397e-01 2.855842886732946173e+00
4.645161290322580960e+00 2.333302152414722386e-01 2.868791214888589458e+00
4.662756598240469508e+00 2.350287599982313624e-01 2.881969859426065206e+00
4.680351906158357167e+00 2.367416771557619981e-01 2.895302620063434418e+00
4.697947214076245714e+00 2.384587953216378842e-01 2.908711493297301942e+00
4.715542521994135150e+00 2.401699249330002672e-01 2.922117314576712754e+00
4.733137829912023697e+00 2.418649560443269786e-01 2.935440499290942640e+00
4.750733137829912245e+00 2.435339632086617467e-01 2.948601870679886883e+00
4.768328445747799904e+00 2.451673141933115030e-01 2.961523550733180965e+00
4.785923753665689340e+00 2.467557782641660868e-01 2.974129880453966646e+00
4.803519061583577887e+00 2.482906292958282912e-01 2.986348330104778626e+00
4.821114369501466435e+00 2.497637391154902686e-01 2.998110359266584535e+00
4.838709677419354982e+00 2.511676572684820585e-01 3.009352191022987011e+00
4.856304985337242641e+00 2.524956747028862525e-01 3.020015473780504500e+00
4.873900293255132077e+00 2.537418705215556680e-01 3.030047816810375050e+00
4.891495601173020624e+00 2.549011426934487679e-01 3.039403199597685568e+00
4.909090909090909172e+00 2.559692251827681564e-01 3.048042268268410737e+00
4.926686217008797719e+00 2.569426950975033930e-01 3.055932542576793143e+00
4.944281524926685378e+00 2.578189739968996252e-01 3.063048562480699566e+00
4.961876832844574814e+00 2.585963273439433330e-01 3.069372003286113149e+00
4.979472140762463361e+00 2.592738652693947765e-01 3.074891782727265266e+00
4.997067448680351909e+00 2.598515464616393822e-01 3.079604173150739310e+00
5.014662756598240456e+00 2.603301853327208426e-01 3.083512918982697748e+00
5.032258064516129004e+00 2.607114609085358636e-01 3.086629346179887268e+00
5.049853372434017551e+00 2.609979244321161684e-01 3.088972438822111588e+00
5.067448680351906098e+00 2.611930016971870105e-01 3.090568850521975719e+00
5.085043988269794646e+00 2.613009858117257833e-01 3.091452816368585488e+00
5.102639296187683193e+00 2.613270164899283987e-01 3.091665935220473838e+00
5.120234604105571741e+00 2.612770430321334492e-01 3.091256801828224265e+00
5.137829912023460288e+00 2.611577697155634259e-01 3.090280482064697409e+00
5.155425219941348836e+00 2.609765841430968236e-01 3.088797840334170708e+00
5.173020527859237383e+00 2.607414709010418274e-01 3.086874743555388712e+00
5.190615835777126819e+00 2.604609143835044938e-01 3.084581178588458705e+00
5.208211143695014478e+00 2.601437956238799032e-01 3.081990327707577304e+00
5.225806451612903025e+00 2.597992882918303548e-01 3.079177648599373818e+00
5.243401759530791573e+00 2.594367586310811769e-01 3.076220001217232713e+00
5.260997067448680120e+00 2.590656731023138204e-01 3.073194854404571519e+00
5.278592375366569556e+00 2.586955160234041262e-01 3.070179592048074113e+00
5.296187683284457215e+00 2.583357177989263898e-01 3.067250923671832386e+00
5.313782991202345762e+00 2.579955926637398367e-01 3.064484390046829709e+00
5.331378299120234310e+00 2.576842834809833782e-01 3.061953942610219137e+00
5.348973607038122857e+00 2.574107102344515563e-01 3.059731567855139556e+00
5.366568914956012293e+00 2.571835185630978460e-01 3.057886925281839474e+00
5.384164222873899952e+00 2.570110250325474688e-01 3.056486970145115833e+00
5.401759530791788499e+00 2.569011567605940516e-01 3.055595539482041989e+00
5.419354838709677047e+00 2.568613843627461368e-01 3.055272890510674522e+00
5.436950146627566482e+00 2.568986487523698958e-01 3.055575192776985638e+00
5.454545454545455030e+00 2.570192838818058934e-01 3.056553987537848016e+00
5.472140762463342689e+00 2.572289388167252611e-01 3.058255638039813373e+00
5.489736070381231237e+00 2.575325034055173656e-01 3.060720801154383608e+00
5.507331378299119784e+00 2.579340421132270134e-01 3.063983953341510080e+00
5.524926686217009220e+00 2.584367402900709099e-01 3.068073001824730639e+00
5.542521994134897767e+00 2.590428662773679447e-01 3.073009005494974133e+00
5.560117302052785426e+00 2.597537514352588617e-01 3.078806020297734758e+00
5.577712609970673974e+00 2.605697885843054062e-01 3.085471072022809125e+00
5.595307917888563409e+00 2.614904477006791406e-01 3.093004247092279169e+00
5.612903225806451957e+00 2.625143062148205808e-01 3.101398880787999079e+00
5.630498533724340504e+00 2.636390901382321128e-01 3.110641813896472208e+00
5.648093841642228163e+00 2.648617216372435301e-01 3.120713684175554725e+00
5.665689149560116711e+00 2.661783686720160524e-01 3.131589219079367936e+00
5.683284457478006146e+00 2.675844929271534167e-01 3.143237500937304585e+00
5.700879765395894694e+00 2.690748933950830035e-01 3.155622184757262527e+00
5.718475073313783241e+00 2.706437444758623134e-01 3.168701660899975181e+00
5.736070381231670900e+00 2.722846291112205330e-01 3.182429168460278124e+00
5.753665689149560336e+00 2.739905690322257392e-01 3.196752878416244226e+00
5.771260997067448884e+00 2.757540554308656744e-01 3.211615976551632556e+00
5.788856304985337431e+00 2.775670840692316399e-01 3.226956783131818440e+00
5.806451612903225978e+00 2.794211988906339372e-01 3.242708948105675670e+00
5.824046920821113638e+00 2.813075475625786970e-01 3.258801756681514838e+00
5.841642228739003073e+00 2.832169511308694765e-01 3.275160570741022958e+00
5.859237536656891621e+00 2.851399882618450010e-01 3.291707417779658584e+00
5.876832844574780168e+00 2.870670926349039309e-01 3.308361722663022864e+00
5.894428152492668715e+00 2.889886602021823347e-01 3.325041160734098167e+00
5.912023460410557263e+00 2.908951615394871903e-01 3.341662596145190456e+00
5.929618768328445810e+00 2.927772536138067427e-01 3.358143058999815356e+00
5.947214076246334358e+00 2.946258851471903473e-01 3.374400710703613804e+00
5.964809384164222905e+00 2.964323904128648435e-01 3.390355749705479926e+00
5.982404692082111453e+00 2.981885676816016795e-01 3.405931219358886430e+00
6.000000000000000000e+00 2.998867404517749913e-01 3.421053694639570431e+00
6.017595307917888547e+00 3.015198017617108928e-01 3.435653842651669176e+00
6.035190615835777095e+00 3.030812439667807112e-01 3.449666870346693059e+00
6.052785923753665642e+00 3.045651780394298958e-01 3.463032888603449599e+00
6.070381231671554190e+00 3.059663474494793700e-01 3.475697232058555297e+00
6.087976539589442737e+00 3.072801418386115202e-01 3.487610776947055680e+00
6.105571847507331285e+00 3.085026149831147091e-01 3.498730294007617925e+00
6.123167155425219832e+00 3.096305100481153150e-01 3.509018860867168410e+00
6.140762463343108379e+00 3.106612931054708038e-01 3.518446340176047293e+00
6.158357771260997815e+00 3.115931936369488175e-01 3.526989909049402794e+00
6.175953079178885474e+00 3.124252486353785163e-01 3.534634605558383491e+00
6.193548387096774022e+00 3.131573452931879498e-01 3.541373842548934281e+00
6.211143695014662569e+00 3.137902564018520413e-01 3.547209830772000139e+00
6.228739002932551116e+00 3.143256626314350211e-01 3.552153853890649415e+00
6.246334310850440552e+00 3.147661568267597354e-01 3.556226347646810115e+00
6.263929618768328211e+00 3.151152272079560945e-01 3.559456753055791012e+00
6.281524926686216759e+00 3.153772186341370354e-01 3.561883136351619239e+00
6.299120234604105306e+00 3.155572735304035259e-01 3.563551593019461006e+00
6.316715542521994742e+00 3.156612563134108540e-01 3.564515475804213018e+00
6.334310850439883289e+00 3.156956668356253326e-01 3.564834503595748050e+00
6.351906158357770948e+00 3.156675492472439948e-01 3.564573816994831557e+00
6.369501466275659496e+00 3.155844026211881426e-01 3.563803045934526903e+00
6.387096774193548043e+00 3.154540987197101409e-01 3.562595445235321900e+00
6.404692082111437479e+00 3.152848105627342190e-01 3.561027137102026785e+00
6.422287390029326026e+00 3.150849532629474981e-01 3.559176478116730102e+00
6.439882697947213686e+00 3.148631362653917520e-01 3.557123545663590569e+00
6.457478005865102233e+00 3.146281240299295678e-01 3.554949718430914452e+00
6.475073313782990780e+00 3.143888006434086280e-01 3.552737310695148309e+00
6.492668621700880216e+00 3.141541330773174878e-01 3.550569212610773295e+00
6.510263929618768763e+00 3.139331279267942865e-01 3.548528489610865755e+00
6.527859237536656423e+00 3.137347774519550492e-01 3.546697902864421881e+00
6.545454545454544970e+00 3.135679924357409609e-01 3.545159327939256144e+00
6.563049853372434406e+00 3.134415215115248787e-01 3.543993067866756608e+00
6.580645161290322953e+00 3.133638588727573060e-01 3.543277076681226490e+00
6.598240469208211501e+00 3.133431443165276553e-01 3.543086127165979260e+00
6.615835777126099160e+00 3.133870610910600707e-01 3.543490969359164300e+00
6.633431085043987707e+00 3.135027377936414616e-01 3.544557532528012533e+00
6.651026392961877143e+00 3.136966604910795264e-01 3.546346221998233350e+00
6.668621700879765690e+00 3.139746003252191775e-01 3.548911353703652072e+00
6.686217008797654238e+00 3.143415602553464860e-01 3.552300754871274613e+00
6.703812316715541897e+00 3.148017425090230970e-01 3.556555540937266890e+00
6.721407624633431332e+00 3.153585360574375218e-01 3.561710059140376305e+00
6.739002932551319880e+00 3.160145213168924494e-01 3.567791970944206970e+00
6.756598240469208427e+00 3.167714875992148071e-01 3.574822430978959353e+00
6.774193548387096975e+00 3.176304578237851284e-01 3.582816311533401077e+00
6.791788856304984634e+00 3.185917148025363410e-01 3.591782419975862783e+00
6.809384164222874070e+00 3.196548240434040067e-01 3.601723662123892389e+00
6.826979472140762617e+00 3.208186493966314057e-01 3.612637116836746376e+00
6.844574780058651164e+00 3.220813597942135953e-01 3.624514004393429190e+00
6.862170087976539712e+00 3.234404275277153462e-01 3.637339551258667480e+00
6.879765395894428259e+00 3.248926206533090943e-01 3.651092773927052892e+00
6.897360703812316807e+00 3.264339938872943270e-01 3.665746221901888369e+00
6.914956011730205354e+00 3.280598834907101913e-01 3.681265732043704109e+00
6.932551319648093902e+00 3.297649119551813168e-01 3.697610251687655225e+00
6.950146627565982449e+00 3.315430077260101416e-01 3.714731785155277688e+00
6.967741935483870996e+00 3.333874437919992495e-01 3.732575507706613394e+00
6.985337243401759544e+00 3.352908969153691188e-01 3.751080073802225190e+00
7.002932551319648091e+00 3.372455268503357639e-01 3.770178124950120502e+00
7.020527859237536639e+00 3.392430724484160609e-01 3.789796979295005919e+00
7.038123167155426074e+00 3.412749594312919355e-01 3.809859463730389972e+00
7.055718475073313734e+00 3.433324131503746046e-01 3.830284832865332501e+00
7.073313782991202281e+00 3.454065690823377999e-01 3.850989710298743596e+00
7.090909090909090828e+00 3.474885742428433510e-01 3.871888988005971033e+00
7.108504398826979376e+00 3.495696740988100126e-01 3.892896629566493960e+00
7.126099706744868811e+00 3.516412817366938448e-01 3.913926341333815895e+00
7.143695014662756471e+00 3.536950286872301841e-01 3.934892099936913024e+00
7.161290322580645018e+00 3.557227995218708028e-01 3.955708551092754099e+00
7.178885630498533565e+00 3.577167547052949592e-01 3.976291319403349789e+00
7.196480938416422113e+00 3.596693478383574116e-01 3.996557287496194100e+00
7.214076246334311548e+00 3.615733440854831948e-01 4.016424912175403428e+00
7.231671554252199208e+00 3.634218461279192236e-01 4.035814643164986393e+00
7.249266862170087755e+00 3.652083324682841581e-01 4.054649496265873232e+00
7.266862170087976303e+00 3.669267105491681447e-01 4.072855808918228071e+00
7.284457478005865738e+00 3.685713842934073559e-01 4.090364175582952733e+00
7.302052785923754286e+00 3.701373327655916867e-01 4.107110527622634955e+00
7.319648093841641945e+00 3.716201941520506646e-01 4.123037292657704356e+00
7.337243401759530492e+00 3.730163475649758142e-01 4.138094546642928862e+00
7.354838709677419040e+00 3.743229845830883251e-01 4.152241062040919140e+00
7.372434017595308475e+00 3.755381630653003011e-01 4.165445159561885546e+00
7.390029325513197023e+00 3.766608375444397971e-01 4.177685288883121295e+00
7.407624633431084682e+00 3.776908631705258035e-01 4.188950293147772896e+00
7.425219941348973229e+00 3.786289733266801627e-01 4.199239348496053736e+00
7.442815249266862665e+00 3.794767342018673939e-01 4.208561607761317269e+00
7.460410557184751212e+00 3.802364822838937841e-01 4.216935610802654999e+00
7.478005865102639760e+00 3.809112525169534025e-01 4.224388547468055144e+00
7.495601173020527419e+00 3.815047054747636723e-01 4.230955469210718078e+00
7.513196480938415966e+00 3.820210612407867745e-01 4.236678540443907792e+00
7.530791788856305402e+00 3.824650458673238274e-01 4.241606401790559921e+00
7.548387096774193061e+00 3.828418535918272081e-01 4.245793687692174245e+00
7.565982404692082497e+00 3.831571248428468635e-01 4.249300705318860949e+00
7.583577712609971044e+00 3.834169369599912947e-01 4.252193246184846842e+00
7.601173020527858704e+00 3.836278019657528571e-01 4.254542472075920401e+00
7.618768328445748139e+00 3.837966640645822380e-01 4.256424797611550126e+00
7.636363636363635798e+00 3.839308890655114270e-01 4.257921686031977515e+00
7.653958944281525234e+00 3.840382387056815450e-01 4.259119283458797867e+00
7.671554252199413781e+00 3.841268247750048714e-01 4.260107838448487172e+00
7.689149560117301441e+00 3.842050407128888012e-01 4.260980884622205700e+00
7.706744868035190876e+00 3.842814715428135020e-01 4.261834199545322832e+00
7.724340175953080312e+00 3.843647861428984847e-01 4.262764587256902438e+00
7.741935483870967971e+00 3.844636184469240603e-01 4.263868559609599096e+00
7.759530791788856519e+00 3.845864458427507571e-01 4.265241008678838597e+00
7.777126099706744178e+00 3.847414735388395290e-01 4.266973966457293876e+00
7.794721407624633613e+00 3.849365329376674971e-01 4.269155538419025397e+00
7.812316715542523049e+00 3.851790002036371563e-01 4.271869075874130672e+00
7.829912023460410708e+00 3.854757385217667531e-01 4.275192621593387088e+00
7.847507331378299256e+00 3.858330644103325491e-01 4.279198628386280845e+00
7.865102639296186915e+00 3.862567353337192921e-01 4.283953916098722559e+00
7.882697947214076351e+00 3.867519532129065629e-01 4.289519803621538507e+00
7.900293255131965786e+00 3.873233766316523941e-01 4.295952332919757310e+00
7.917888563049853445e+00 3.879751338442757880e-01 4.303302494443360438e+00
7.935483870967741993e+00 3.887108292027111056e-01 4.311616368536787647e+00
7.953079178885629652e+00 3.895335372590635337e-01 4.320935114831722323e+00
7.970674486803519088e+00 3.904457813235856500e-01 4.331294768620282731e+00
7.988269794721408523e+00 3.914494962962221103e-01 4.342725836081243074e+00
8.005865102639296182e+00 3.925459786952024133e-01 4.355252714377789047e+00
8.023460410557184730e+00 3.937358295203641223e-01 4.368892993306738859e+00
8.041055718475073277e+00 3.950188975077706943e-01 4.383656718070442437e+00
8.058651026392961825e+00 3.963942311653680939e-01 4.399545704643154309e+00
8.076246334310850372e+00 3.978600475904983669e-01 4.416552998364900340e+00
8.093841642228738920e+00 3.994137244976607715e-01 4.434662552785033185e+00
8.111436950146627467e+00 4.010518193367977324e-01 4.453849181073956665e+00
8.129032258064516014e+00 4.027701162091568698e-01 4.474078799734957812e+00
8.146627565982404562e+00 4.045636979345454964e-01 4.495308948227857648e+00
8.164222873900293109e+00 4.064270375709617134e-01 4.517489533443867167e+00
8.181818181818181657e+00 4.083541013822159504e-01 4.540563719715703606e+00
8.199413489736070204e+00 4.103384540419154902e-01 4.564468867518256978e+00
8.217008797653960528e+00 4.123733569516462305e-01 4.589137420204789208e+00
8.234604105571847299e+00 4.144518519503231913e-01 4.614497649203869400e+00
8.252199413489735846e+00 4.165668252184565601e-01 4.640474193115114332e+00
8.269794721407624394e+00 4.187110494791365656e-01 4.666988361996037504e+00
8.287390029325512941e+00 4.208772061848146673e-01 4.693958219928639153e+00
8.304985337243401489e+00 4.230578927168018311e-01 4.721298500610776827e+00
8.322580645161290036e+00 4.252456222000131070e-01 4.748920445848598959e+00
8.340175953079178583e+00 4.274328249395334400e-01 4.776731679686807119e+00
8.357771260997067131e+00 4.296118604792650841e-01 4.804636237336130655e+00
8.375366568914955678e+00 4.317750478358814425e-01 4.832534856143166913e+00
8.392961876832846002e+00 4.339147187632148572e-01 4.860325606406203924e+00
8.410557184750732773e+00 4.360232953368426423e-01 4.887904896391042087e+00
8.428152492668621321e+00 4.380933892422964604e-01 4.915168834319910474e+00
8.445747800586509868e+00 4.401179164947547351e-01 4.942014877864975730e+00
8.463343108504398415e+00 4.420902184828091053e-01 4.968343656793692276e+00
8.480938416422286963e+00 4.440041786718681993e-01 4.994060824207483762e+00
8.498533724340175510e+00 4.458543242972493048e-01 5.019078781701298730e+00
8.516129032258064058e+00 4.476359039607836210e-01 5.043318136205851232e+00
8.533724340175954381e+00 4.493449350083261185e-01 5.066708780168711179e+00
8.551319648093841153e+00 4.509782184780703473e-01 5.089190537419970184e+00
8.568914956011731476e+00 4.525333236818820382e-01 5.110713376912053185e+00
8.586510263929618247e+00 4.540085484586799947e-01 5.131237256099319133e+00
8.604105571847506795e+00 4.554028642020160333e-01 5.150731705372876945e+00
8.621700879765397119e+00 4.567158564318556380e-01 5.169175296448868195e+00
8.639296187683283890e+00 4.579476716854315455e-01 5.186555145529944788e+00
8.656891495601172437e+00 4.590989798336878591e-01 5.202866584832031016e+00
8.674486803519060985e+00 4.601709578377032872e-01 5.218113096221000724e+00
8.692082111436949532e+00 4.611652969151255888e-01 5.232306544516815094e+00
8.709677419354839856e+00 4.620842307120985315e-01 5.245467684545457310e+00
8.727272727272726627e+00 4.629305780485434840e-01 5.257626855623732887e+00
8.744868035190616951e+00 4.637077907532993204e-01 5.268824729883230695e+00
8.762463343108503722e+00 4.644199955138797464e-01 5.279112954718075734e+00
8.780058651026392269e+00 4.650720187953486517e-01 5.288554529377407221e+00
8.797653958944282593e+00 4.656693857302906525e-01 5.297223781829918821e+00
8.815249266862169364e+00 4.662182871767653336e-01 5.305205860698757547e+00
8.832844574780057911e+00 4.667255133861121230e-01 5.312595720759718532e+00
8.850439882697948235e+00 4.671983572710972643e-01 5.319496649198488747e+00
8.868035190615835006e+00 4.676444944227262090e-01 5.326018442718254420e+00
8.885630498533725330e+00 4.680718501585429125e-01 5.332275392873355280e+00
8.903225806451612101e+00 4.684884655230081574e-01 5.338384261456837088e+00
8.920821114369502425e+00 4.689023740596358625e-01 5.344462425853391707e+00
8.938416422287390972e+00 4.693214993574352234e-01 5.350626346557165292e+00
8.956011730205277743e+00 4.697535801216801699e-01 5.356990460007983401e+00
8.973607038123168067e+00 4.702061253219856352e-01 5.363666537018040970e+00
8.991202346041054838e+00 4.706863974600036249e-01 5.370763479747600933e+00
9.008797653958943386e+00 4.712014178438523881e-01 5.378387468224341106e+00
9.026392961876833709e+00 4.717579845753332446e-01 5.386642319687540592e+00
9.043988269794720480e+00 4.723626922190028443e-01 5.395629897241355444e+00
9.061583577712610804e+00 4.730219420878731262e-01 5.405450402038558977e+00
9.079178885630497575e+00 4.737419337541479702e-01 5.416202405525877062e+00
9.096774193548387899e+00 4.745286315276119882e-01 5.427982521682606531e+00
9.114369501466276446e+00 4.753877037736055078e-01 5.440884677183559504e+00
9.131964809384163217e+00 4.763244374537164427e-01 5.454999001501793288e+00
9.149560117302053541e+00 4.773436344947412091e-01 5.470410419843653393e+00
9.167155425219940312e+00 4.784494998979380020e-01 5.487197080772197921e+00
9.184750733137828860e+00 4.796455333988597358e-01 5.505428780512727549e+00
9.202346041055719184e+00 4.809344366927734704e-01 5.525165553055022549e+00
9.219941348973605955e+00 4.823180467115906200e-01 5.546456578275183347e+00
9.237536656891496278e+00 4.837973023863120781e-01 5.569339521674303128e+00
9.255131964809384826e+00 4.853722481824339074e-01 5.593840364124927689e+00
9.272727272727273373e+00 4.870420730428607348e-01 5.619973715622367472e+00
9.290322580645161921e+00 4.888051788780772844e-01 5.647743542141518525e+00
9.307917888563048692e+00 4.906592690568527537e-01 5.677144178247640838e+00
9.325513196480939015e+00 4.926014450159287295e-01 5.708161458181728598e+00
9.343108504398827563e+00 4.946282984818768380e-01 5.740773780890955358e+00
9.360703812316714334e+00 4.967359879980502990e-01 5.774952933199491767e+00
9.378299120234604658e+00 4.989202913248584337e-01 5.810664529858486027e+00
9.395894428152491429e+00 5.011766294316933879e-01 5.847867985762113641e+00
9.413489736070381753e+00 5.035000626256812550e-01 5.886516007047375432e+00
9.431085043988270300e+00 5.058852641547123552e-01 5.926553664514545794e+00
9.448680351906158847e+00 5.083264806601692776e-01 5.967917184019388976e+00
9.466275659824047395e+00 5.108174915180957454e-01 6.010532643708748957e+00
9.483870967741934166e+00 5.133515799702017546e-01 6.054314798532336006e+00
9.501466275659824490e+00 5.159215278420061779e-01 6.099166252807125765e+00
9.519061583577713037e+00 5.185196426988186724e-01 6.144977170224387386e+00
9.536656891495599808e+00 5.211378219009445978e-01 6.191625650482990295e+00
9.554252199413490132e+00 5.237676528112095165e-01 6.238978819913326035e+00
9.571847507331378679e+00 5.264005431417830838e-01 6.286894590801282767e+00
9.589442815249267227e+00 5.290278708930341578e-01 6.335223953712508127e+00
9.607038123167155774e+00 5.316411402375326167e-01 6.383813592643533319e+00
9.624633431085044322e+00 5.342321285424738164e-01 6.432508566537414652e+00
9.642228739002932869e+00 5.367930107291412067e-01 6.481154791392043535e+00
9.659824046920821417e+00 5.393164502365138668e-01 6.529601088402185560e+00
9.677419354838709964e+00 5.417956505650219912e-01 6.577700632577484718e+00
9.695014662756598511e+00 5.442243670368256403e-01 6.625311733949590831e+00
9.712609970674485282e+00 5.465968841682182777e-01 6.672297995396297310e+00
9.730205278592375606e+00 5.489079690225278085e-01 6.718527999630115488e+00
9.747800586510264154e+00 5.511528143196562368e-01 6.763874764986661070e+00
9.765395894428152701e+00 5.533269863735686966e-01 6.808215259895902705e+00
9.782991202346041248e+00 5.554263918837039071e-01 6.851430269254731975e+00
9.800586510263929796e+00 5.574472743505139993e-01 6.893404859494749459e+00
9.818181818181818343e+00 5.593862458914707902e-01 6.934029598123435001e+00
9.835777126099706891e+00 5.612403542475115081e-01 6.973202560606786449e+00
9.853372434017595438e+00 5.630071787002817185e-01 7.010832021201555797e+00
9.870967741935483986e+00 5.646849434042306992e-01 7.046839596413096096e+00
9.888563049853370757e+00 5.662726330957025267e-01 7.081163511574462888e+00
9.906158357771261080e+00 5.677700948499916356e-01 7.113761610181105866e+00
9.923753665689149628e+00 5.691781107543493201e-01 7.144613732584923049e+00
9.941348973607038175e+00 5.704984299029174366e-01 7.173723156669055356e+00
9.958944281524926723e+00 5.717337534838998758e-01 7.201116909472559335e+00
9.976539589442815270e+00 5.728876731119546539e-01 7.226844907853361200e+00
9.994134897360703818e+00 5.739645689850108035e-01 7.250978044645964182e+00
1.001173020527859236e+01 5.749694799256304112e-01 7.273605478916516098e+00
1.002932551319648091e+01 5.759079610574999730e-01 7.294831491892240116e+00
1.004692082111436946e+01 5.767859461985777036e-01 7.314772317459313555e+00
1.006451612903225801e+01 5.776096308183149564e-01 7.333553340470358783e+00
1.008211143695014655e+01 5.783853877947698896e-01 7.351306980381412615e+00
1.009970674486803510e+01 5.791197227666006198e-01 7.368171454335115556e+00
1.011730205278592365e+01 5.798192694293370364e-01 7.384290462423379608e+00
1.013489736070381220e+01 5.804908186497584888e-01 7.399813682275521387e+00
1.015249266862170074e+01 5.811413697477033624e-01 7.414897824511159641e+00
1.017008797653958929e+01 5.817781885604121905e-01 7.429707905843854654e+00
1.018768328445747784e+01 5.824088555339217432e-01 7.444418357180623502e+00
1.020527859237536639e+01 5.830412882971309774e-01 7.459213605745308229e+00
1.022287390029325493e+01 5.836837267950482078e-01 7.474287849359053659e+00
1.024046920821114348e+01 5.843446745495469719e-01 7.489843864918591443e+00
1.025806451612903203e+01 5.850327961538864807e-01 7.506090842347243886e+00
1.027565982404692058e+01 5.857567777069246917e-01 7.523241386720558310e+00
1.029325513196480912e+01 5.865251625612969422e-01 7.541507961823517903e+00
1.031085043988269767e+01 5.873461786479757807e-01 7.561099138718228474e+00
1.032844574780058622e+01 5.882275751681707021e-01 7.582216050106323380e+00
1.034604105571847477e+01 5.891764853881172881e-01 7.605049430611664718e+00
1.036363636363636331e+01 5.901993287890484607e-01 7.629777548164715206e+00
1.038123167155425364e+01 5.913017604247230441e-01 7.656565213466749675e+00
1.039882697947214041e+01 5.924886688085222453e-01 7.685563909635118485e+00
1.041642228739002896e+01 5.937642169407088000e-01 7.716912932442416384e+00
1.043401759530791750e+01 5.951319151701236487e-01 7.750741293609324956e+00
1.045161290322580605e+01 5.965947103299720222e-01 7.787170034147617770e+00
1.046920821114369637e+01 5.981550736262991608e-01 7.826314536393227606e+00
1.048680351906158315e+01 5.998150703948637030e-01 7.868286420710912665e+00
1.050439882697947169e+01 6.015763980053276949e-01 7.913194667176884245e+00
1.052199413489736024e+01 6.034403834363337715e-01 7.961145707423455953e+00
1.053958944281524879e+01 6.054079386136040908e-01 8.012242373762090253e+00
1.055718475073313911e+01 6.074794785343266001e-01 8.066581752842511222e+00
1.057478005865102588e+01 6.096548134691429643e-01 8.124252147767005994e+00
1.059237536656891443e+01 6.119330312016832973e-01 8.185329484251385068e+00
1.060997067448680298e+01 6.143123876262905902e-01 8.249873584697615669e+00
1.062756598240469152e+01 6.167902237004730948e-01 8.317924766008596649e+00
1.064516129032258185e+01 6.193629237521178776e-01 8.389501186902693419e+00
1.066275659824046862e+01 6.220259248718763567e-01 8.464597280486474418e+00
1.068035190615835717e+01 6.247737803128217138e-01 8.543183467793619812e+00
1.069794721407624571e+01 6.276002724405128630e-01 8.625207174602209648e+00
1.071554252199413426e+01 6.304985638972763207e-01 8.710594989103320529e+00
1.073313782991202459e+01 6.334613702854755557e-01 8.799255626913879524e+00
1.075073313782991136e+01 6.364811346601380038e-01 8.891083237687208651e+00
1.076832844574779990e+01 6.395501839505506325e-01 8.985960516105581775e+00
1.078592375366569023e+01 6.426608501919616190e-01 9.083761084538092945e+00
1.080351906158357700e+01 6.458055447923711778e-01 9.184350700510137244e+00
1.082111436950146732e+01 6.489767812340753173e-01 9.287587002973987538e+00
1.083870967741935409e+01 6.521671495667622498e-01 9.393317728854677640e+00
1.085630498533724264e+01 6.553692535961395116e-01 9.501377576931369973e+00
1.087390029325513296e+01 6.585756276554919353e-01 9.611584134763580423e+00
1.089149560117301974e+01 6.617786533296781126e-01 9.723733479482952191e+00
1.090909090909091006e+01 6.649704969084410111e-01 9.837596182161613356e+00
1.092668621700879683e+01 6.681430855614143294e-01 9.952914464470500988e+00
1.094428152492668538e+01 6.712881346127810289e-01 1.006940116480300595e+01
1.096187683284457570e+01 6.743972306446330833e-01 1.018674097388233157e+01
1.097947214076246247e+01 6.774619665919626721e-01 1.030459411822036841e+01
1.099706744868035280e+01 6.804741167894033937e-01 1.042260233959623328e+01
1.101466275659823957e+01 6.834258333465155211e-01 1.054039668703197563e+01
1.103225806451612812e+01 6.863098413066924808e-01 1.065760635675522394e+01
1.104985337243401844e+01 6.891196094464816513e-01 1.077386763473310971e+01
1.106744868035190521e+01 6.918494764636269334e-01 1.088883195320080866e+01
1.108504398826979553e+01 6.944947183127664347e-01 1.100217218493363092e+01
1.110263929618768408e+01 6.970515507107170050e-01 1.111358655899735659e+01
1.112023460410557085e+01 6.995170701128832214e-01 1.122279995486468707e+01
1.113782991202346118e+01 7.018891453407040126e-01 1.132956276095803716e+01
1.115542521994134795e+01 7.041662791431688717e-01 1.143364789820497940e+01
1.117302052785923827e+01 7.063474631891168976e-01 1.153484693703639685e+01
1.119061583577712682e+01 7.084320506357409952e-01 1.163296641705154499e+01
1.120821114369501359e+01 7.104196673708046417e-01 1.172782547465781811e+01
1.122580645161290391e+01 7.123101767159902842e-01 1.181925568765720058e+01
1.124340175953079068e+01 7.141037037412637511e-01 1.190710368145587239e+01
1.126099706744868101e+01 7.158007156722376862e-01 1.199123656309908981e+01
1.127859237536656956e+01 7.174021456400837549e-01 1.207154973215525118e+01
1.129618768328445633e+01 7.189095396437216179e-01 1.214797614743925891e+01
1.131378299120234665e+01 7.203252022201378502e-01 1.222049578805295411e+01
1.133137829912023342e+01 7.216523156598141364e-01 1.228914390067589579e+01
1.134897360703812375e+01 7.228950108080337555e-01 1.235401670640034943e+01
1.136656891495601229e+01 7.240583741111032978e-01 1.241527354502353120e+01
1.138416422287389906e+01 7.251483846167139369e-01 1.247313491829783239e+01
1.140175953079178939e+01 7.261717847489600475e-01 1.252787647895066137e+01
1.141935483870967616e+01 7.271358983072666593e-01 1.257981960296931767e+01
1.143695014662756648e+01 7.280484168100141984e-01 1.262931968099584523e+01
1.145454545454545503e+01 7.289171798441138606e-01 1.267675358948232223e+01
1.147214076246334180e+01 7.297499757987140345e-01 1.272250790270844867e+01
1.148973607038123212e+01 7.305543861448603460e-01 1.276696926978730495e+01
1.150733137829912067e+01 7.313376897562124945e-01 1.281051803115346033e+01
1.152492668621700922e+01 7.321068346455911202e-01 1.285352564328613845e+01
1.154252199413489777e+01 7.328684742783496686e-01 1.289635589677551941e+01
1.156011730205278454e+01 7.336290558372391413e-01 1.293936933889063035e+01
1.157771260997067486e+01 7.343949399175582204e-01 1.298292983227344699e+01
1.159530791788856341e+01 7.351725263141281053e-01 1.302741186636198911e+01
1.161290322580645196e+01 7.359683595625950980e-01 1.307320713356581976e+01
1.163049853372434050e+01 7.367891908896615494e-01 1.312072900286358390e+01
1.164809384164222728e+01 7.376419797855204852e-01 1.317041385047186353e+01
1.166568914956011760e+01 7.385338275705359834e-01 1.322271869035676772e+01
1.168328445747800615e+01 7.394718457212038354e-01 1.327811511288828683e+01
1.170087976539589469e+01 7.404629717905711894e-01 1.333708010260593113e+01
1.171847507331378324e+01 7.415137539943200684e-01 1.340008478285762905e+01
1.173607038123167001e+01 7.426301307006117902e-01 1.346758245813095911e+01
1.175366568914956034e+01 7.438172323853483592e-01 1.353999745090834672e+01
1.177126099706744888e+01 7.450792308903265715e-01 1.361771614444034384e+01
1.178885630498533743e+01 7.464192544394034901e-01 1.370108136008194144e+01
1.180645161290322598e+01 7.478393777485569105e-01 1.379039075639268574e+01
1.182404692082111453e+01 7.493406860269935521e-01 1.388589939404117146e+01
1.184164222873900307e+01 7.509234012366252653e-01 1.398782603430983862e+01
1.185923753665689162e+01 7.525870501804994284e-01 1.409636220291803710e+01
1.187683284457478017e+01 7.543306481318248213e-01 1.421168262557202233e+01
1.189442815249266872e+01 7.561528696904170621e-01 1.433395538736074037e+01
1.191202346041055726e+01 7.580521807093451025e-01 1.446335012649931429e+01
1.192961876832844581e+01 7.600269112060827892e-01 1.460004275991285105e+01
1.194721407624633436e+01 7.620752583060834695e-01 1.474421563919121070e+01
1.196480938416422291e+01 7.641952191361238711e-01 1.489605260505793183e+01
1.198240469208211145e+01 7.663844645842345926e-01 1.505572907517553460e+01
1.200000000000000000e+01 7.686401743281373600e-01 1.522339797594157851e+01
1.201759530791788855e+01 7.709588600704768702e-01 1.539917292205755217e+01
1.203519061583577709e+01 7.733362065001009311e-01 1.558311047509603497e+01
1.205278592375366564e+01 7.757669576960110058e-01 1.577519351064887410e+01
1.207038123167155419e+01 7.782448707193110327e-01 1.597531765648741597e+01
1.208797653958944274e+01 7.807627488250848957e-01 1.618328242587351085e+01
1.210557184750733128e+01 7.833125553980736511e-01 1.639878808767377194e+01
1.212316715542521983e+01 7.858855980127988916e-01 1.662143854707025170e+01
1.214076246334310838e+01 7.884727616679148010e-01 1.685074964630857508e+01
1.215835777126099693e+01 7.910647628107382312e-01 1.708616144732664921e+01
1.217595307917888547e+01 7.936523924221676740e-01 1.732705235479200212e+01
1.219354838709677402e+01 7.962267177626799475e-01 1.757275250443521841e+01
1.221114369501466257e+01 7.987792182831745524e-01 1.782255377969753951e+01
1.222873900293255289e+01 8.013018408763510347e-01 1.807571418583200540e+01
1.224633431085043966e+01 8.037869716833515588e-01 1.833145509668286977e+01
1.226392961876832821e+01 8.062273342810829524e-01 1.858895101491545176e+01
1.228152492668621676e+01 8.086158353422021605e-01 1.884731280388164265e+01
1.229912023460410531e+01 8.109453870444511825e-01 1.910556666300932704e+01
1.231671554252199563e+01 8.132087393227103167e-01 1.936263221433431880e+01
1.233431085043988240e+01 8.153983538713087675e-01 1.961730374590203851e+01
1.235190615835777095e+01 8.175063457340060458e-01 1.986823876536504940e+01
1.236950146627565950e+01 8.195245082195152797e-01 2.011395747456700178e+01
1.238709677419354804e+01 8.214444242237163296e-01 2.035285559660414023e+01
1.240469208211143837e+01 8.232576537003369888e-01 2.058323128724070372e+01
1.242228739002932514e+01 8.249559750106295608e-01 2.080332486142012982e+01
1.243988269794721369e+01 8.265316490475985711e-01 2.101136806601753548e+01
1.245747800586510223e+01 8.279776707759292087e-01 2.120563798052478788e+01
1.247507331378299078e+01 8.292879738911052012e-01 2.138450966257235564e+01
1.249266862170088110e+01 8.304575606092341467e-01 2.154650162155614979e+01
1.251026392961876788e+01 8.314825392672584581e-01 2.169030919075098751e+01
1.252785923753665642e+01 8.323600658557559484e-01 2.181482276457973413e+01
1.254545454545454497e+01 8.330881997800261285e-01 2.191913036229195200e+01
1.256304985337243352e+01 8.336656968654136968e-01 2.200250661444693279e+01
1.258064516129032384e+01 8.340917719174969491e-01 2.206439253474598416e+01
1.259824046920821061e+01 8.343658675640412969e-01 2.210437188579548717e+01
1.261583577712609916e+01 8.344874649447185933e-01 2.212215027982382054e+01
1.263343108504398948e+01 8.344559652287639739e-01 2.211754229843403152e+01
1.265102639296187625e+01 8.342706599126202827e-01 2.209047002532208381e+01
1.266862170087976658e+01 8.339307940324554025e-01 2.204097381687887136e+01
1.268621700879765335e+01 8.334357119047771656e-01 2.196923337387310227e+01
1.270381231671554190e+01 8.327850619822042555e-01 2.187559475069108927e+01
1.272140762463343222e+01 8.319790278753235180e-01 2.176059731974028821e+01
1.273900293255131899e+01 8.310185480308976969e-01 2.162499422394276749e+01
1.275659824046920932e+01 8.299054877134001140e-01 2.146976061005206660e+01
1.277419354838709609e+01 8.286427336821181600e-01 2.129608580392993744e+01
1.279178885630498463e+01 8.272341932930811215e-01 2.110534820537286294e+01
1.280938416422287496e+01 8.256846939627663362e-01 2.089907453419877115e+01
1.282697947214076173e+01 8.239997938289933543e-01 2.067888760331272024e+01
1.284457478005865205e+01 8.221855277393436134e-01 2.044644856377336950e+01
1.286217008797653882e+01 8.202481223477366967e-01 2.020340027585839948e+01
1.287976539589442737e+01 8.181937186358214653e-01 1.995131804734317171e+01
1.289736070381231769e+01 8.160281389249725015e-01 1.969167259766062372e+01
1.291495601173020447e+01 8.137567286218656548e-01 1.942580806330449761e+01
1.293255131964809479e+01 8.113842915975778558e-01 1.915493554264574172e+01
1.295014662756598156e+01 8.089151239610834487e-01 1.888014047493093628e+01
1.296774193548387011e+01 8.063531361788085494e-01 1.860240038478297819e+01
1.298533724340176043e+01 8.037020402336472191e-01 1.832260842652243227e+01
1.300293255131964720e+01 8.009655687967104365e-01 1.804159783951257623e+01
1.302052785923753753e+01 7.981476886675930027e-01 1.776016286276036737e+01
1.303812316715542607e+01 7.952527717423206743e-01 1.747907272976149784e+01
1.305571847507331285e+01 7.922856933495058263e-01 1.719907686159934102e+01
1.307331378299120317e+01 7.892518389608684792e-01 1.692090103430367165e+01
1.309090909090908994e+01 7.861570143320020243e-01 1.664523584428867053e+01
1.310850439882698026e+01 7.830072689188036783e-01 1.637271999986134929e+01
1.312609970674486881e+01 7.798086556898553567e-01 1.610392166871095654e+01
1.314369501466275558e+01 7.765669602071672006e-01 1.583932124827208554e+01
1.316129032258064591e+01 7.732874366247142195e-01 1.557929853141470389e+01
1.317888563049853268e+01 7.699745873736113522e-01 1.532412642581724249e+01
1.319648093841642300e+01 7.666320169412171870e-01 1.507397231253738745e+01
1.321407624633431155e+01 7.632623792980005595e-01 1.482890697580190142e+01
1.323167155425219832e+01 7.598674248198076242e-01 1.458891996978505645e+01
1.324926686217008864e+01 7.564481380357891416e-01 1.435393944736853200e+01
1.326686217008797541e+01 7.530049443504208684e-01 1.412385395739839211e+01
1.328445747800586574e+01 7.495379539869467811e-01 1.389853357022426295e+01
1.330205278592375429e+01 7.460472062443691543e-01 1.367784791639147635e+01
1.331964809384164106e+01 7.425328775198006825e-01 1.346167927234775519e+01
1.333724340175953138e+01 7.389954223729678917e-01 1.324992960985919588e+01
1.335483870967741993e+01 7.354356273287226964e-01 1.304252142192717301e+01
1.337243401759530848e+01 7.318545705548573643e-01 1.283939301345003337e+01
1.339002932551319702e+01 7.282534949808511238e-01 1.264048967325755868e+01
1.340762463343108379e+01 7.246336156542998452e-01 1.244575262670935523e+01
1.342521994134897412e+01 7.209958921722933178e-01 1.225510784859910629e+01
1.344281524926686266e+01 7.173408023827373414e-01 1.206845668762148449e+01
1.346041055718475121e+01 7.136681534533600990e-01 1.188566985515849694e+01
1.347800586510263976e+01 7.099769609089239264e-01 1.170658573743681430e+01
1.349560117302052653e+01 7.062654161932133690e-01 1.153101329696264798e+01
1.351319648093841685e+01 7.025309502373400239e-01 1.135873913833338378e+01
1.353079178885630540e+01 6.987703863520065006e-01 1.118953771915324857e+01
1.354838709677419395e+01 6.949801626056609782e-01 1.102318326524228453e+01
1.356598240469208250e+01 6.911565936436794289e-01 1.085946175094425570e+01
1.358357771260996927e+01 6.872961361655637313e-01 1.069818134978219248e+01
1.360117302052785959e+01 6.833956218697064822e-01 1.053918003396662328e+01
1.361876832844574814e+01 6.794524266742397733e-01 1.038232945726540102e+01
1.363636363636363669e+01 6.754645546854848304e-01 1.022753482192532459e+01
1.365395894428152523e+01 6.714306282569157958e-01 1.007473101846916563e+01
1.367155425219941201e+01 6.673497896055894385e-01 9.923875847385710713e+00
1.368914956011730233e+01 6.632215326797492594e-01 9.774941507557416642e+00
1.370674486803519088e+01 6.590454942947734374e-01 9.627905717285900167e+00
1.372434017595307942e+01 6.548212394266762493e-01 9.482743802774750819e+00
1.374193548387096797e+01 6.505480761201969386e-01 9.339422862705616168e+00
1.375953079178885652e+01 6.462249306911361790e-01 9.197898741395913902e+00
1.377712609970674507e+01 6.418503045428602949e-01 9.058116081321657020e+00
1.379472140762463361e+01 6.374223214097874957e-01 8.920011250687750248e+00
1.381231671554252216e+01 6.329388600718117708e-01 8.783517522451898429e+00
1.382991202346041071e+01 6.283977546110737222e-01 8.648571575045561843e+00
1.384750733137829926e+01 6.237970340383919288e-01 8.515120230590184747e+00
1.386510263929618780e+01 6.191351671283698010e-01 8.383126359367112812e+00
1.388269794721407635e+01 6.144112774664506338e-01 8.252573050874930871e+00
1.390029325513196490e+01 6.096252981508666346e-01 8.123465450135610055e+00
1.391788856304985345e+01 6.047780446291438627e-01 7.995830032936563470e+00
1.393548387096774199e+01 5.998711963951597337e-01 7.869711485014556196e+00
1.395307917888563054e+01 5.949071918426741545e-01 7.745167696978376703e+00
1.397067448680351909e+01 5.898890533794969304e-01 7.622263637985464690e+00
1.398826979472140764e+01 5.848201699991225633e-01 7.501064993692946992e+00
1.400586510263929618e+01 5.797040703750304669e-01 7.381632437183490048e+00
1.402346041055718473e+01 5.745442203480315424e-01 7.264017257266764283e+00
1.404105571847507328e+01 5.693438743754636322e-01 7.148258827406936966e+00
1.405865102639296182e+01 5.641060018246417673e-01 7.034384102934405192e+00
1.407624633431085215e+01 5.588332972947323007e-01 6.922409031141254943e+00
1.409384164222873892e+01 5.535282712301643482e-01 6.812341492355413308e+00
1.411143695014662747e+01 5.481934048886396571e-01 6.704185195690203436e+00
1.412903225806451601e+01 5.428313440597970496e-01 6.597943853916704349e+00
1.414662756598240456e+01 5.374451002150104628e-01 6.493624966193876524e+00
1.416422287390029311e+01 5.320382268281951266e-01 6.391242638716652991e+00
1.418181818181818166e+01 5.266149425427454345e-01 6.290819051682006169e+00
1.419941348973607020e+01 5.211801810344465213e-01 6.192384406098391914e+00
1.421700879765395875e+01 5.157395585509995106e-01 6.095975420095041564e+00
1.423460410557184730e+01 5.102992624670124044e-01 6.001632655892011670e+00
1.425219941348973762e+01 5.048658758782821332e-01 5.909397115548381763e+00
1.426979472140762439e+01 4.994461625022166285e-01 5.819306626277138683e+00
1.428739002932551294e+01 4.940468415959918258e-01 5.731392537454880198e+00
1.430498533724340149e+01 4.886743835073451003e-01 5.645677177148907155e+00
1.432258064516129004e+01 4.833348528028328372e-01 5.562172382418586913e+00
1.434017595307917858e+01 4.780338183293277865e-01 5.480879248284807659e+00
1.435777126099706713e+01 4.727763392739914305e-01 5.401789061526947044e+00
1.437536656891495568e+01 4.675670248736708001e-01 5.324885222762853587e+00
1.439296187683284423e+01 4.624101545868708474e-01 5.250145834789503141e+00
1.441055718475073277e+01 4.573098368565961525e-01 5.177546561607361930e+00
1.442815249266862310e+01 4.522701792967080969e-01 5.107063347864333025e+00
1.444574780058650987e+01 4.472954419505289492e-01 5.038674631384157721e+00
1.446334310850439842e+01 4.423901483114723310e-01 4.972362773110058143e+00
1.448093841642228874e+01 4.375591355477146949e-01 4.908114554037316779e+00
1.449853372434017551e+01 4.328075347746308532e-01 4.845920728335434191e+00
1.451612903225806406e+01 4.281406828242196871e-01 4.785774755489751620e+00
1.453372434017595261e+01 4.235639771635689166e-01 4.727670943349589372e+00
1.455131964809384115e+01 4.190826939024608899e-01 4.671602304436009767e+00
1.456891495601173148e+01 4.147017940158416738e-01 4.617558452095324562e+00
1.458651026392961825e+01 4.104257443003789807e-01 4.565523840527784927e+00
1.460410557184750857e+01 4.062583770804932271e-01 4.515476589418090825e+00
1.462170087976539534e+01 4.022028067440255317e-01 4.467388040993003351e+00
1.463929618768328389e+01 3.982614127664270143e-01 4.421223089111787630e+00
1.465689149560117421e+01 3.944358892412104245e-01 4.376941211695478451e+00
1.467448680351906098e+01 3.907273514739587061e-01 4.334498043684259727e+00
1.469208211143694953e+01 3.871364822568683084e-01 4.293847259451701426e+00
1.470967741935483808e+01 3.836636951237084037e-01 4.254942499125479394e+00
1.472727272727272663e+01 3.803092899104249525e-01 4.217739075938402138e+00
1.474486803519061695e+01 3.770735775572767734e-01 4.182195240097936306e+00
1.476246334310850372e+01 3.739569560145859506e-01 4.148272842595573273e+00
1.478005865102639405e+01 3.709599266096000325e-01 4.115937329882368267e+00
1.479765395894428082e+01 3.680830491817926320e-01 4.085157094910143449e+00
1.481524926686216936e+01 3.653268433787676406e-01 4.055902298430553721e+00
1.483284457478005969e+01 3.626916514017314297e-01 4.028143344611798682e+00
1.485043988269794646e+01 3.601774830700390506e-01 4.001849237852674435e+00
1.486803519061583501e+01 3.577838665695233233e-01 3.976986058153490156e+00
1.488563049853372533e+01 3.555097273529342350e-01 3.953515770189440115e+00
1.490322580645161210e+01 3.533533135546375603e-01 3.931395530354458323e+00
1.492082111436950242e+01 3.513121795943878189e-01 3.910577584135629170e+00
1.493841642228738920e+01 3.493832313482994611e-01 3.891009763280052436e+00
1.495601173020527952e+01 3.475628275354988306e-01 3.872636509458541987e+00
1.497360703812316807e+01 3.458469240306635828e-01 3.855400279417752429e+00
1.499120234604105484e+01 3.442312417784696432e-01 3.839243135370385751e+00
1.500879765395894339e+01 3.427114357093671293e-01 3.824108300420882678e+00
1.502639296187683193e+01 3.412832420175763715e-01 3.809941465515958470e+00
1.504398826979472048e+01 3.399425843854029239e-01 3.796691670976798605e+00
1.506158357771261080e+01 3.386856257815078486e-01 3.784311647222390995e+00
1.507917888563049935e+01 3.375087604617098558e-01 3.772757577259308714e+00
1.509677419354838612e+01 3.364085495998063169e-01 3.761988326838668684e+00
1.511436950146627467e+01 3.353816122838567115e-01 3.751964264904168900e+00
1.513196480938416499e+01 3.344244902110913853e-01 3.742645856054597431e+00
1.514956011730205354e+01 3.335335083360932429e-01 3.733992239790841605e+00
1.516715542521994209e+01 3.327046544023488095e-01 3.725960013690396089e+00
1.518475073313782886e+01 3.319334976212642285e-01 3.718502409121609897e+00
1.520234604105571741e+01 3.312151611386531802e-01 3.711568992739038286e+00
1.521994134897360595e+01 3.305443551484314457e-01 3.705105952507333100e+00
1.523753665689149628e+01 3.299154686819653626e-01 3.699056943685249177e+00
1.525513196480938483e+01 3.293227094800130206e-01 3.693364389652823210e+00
1.527272727272727160e+01 3.287602741886566649e-01 3.687971066091130012e+00
1.529032258064516014e+01 3.282225264732523962e-01 3.682821754567857653e+00
1.530791788856305047e+01 3.277041592377988311e-01 3.677864739707593422e+00
1.532551319648093902e+01 3.272003192362442081e-01 3.673052945281538140e+00
1.534310850439882756e+01 3.267066777137883626e-01 3.668344556325300321e+00
1.536070381231671433e+01 3.262194385682696263e-01 3.663703049622294206e+00
1.537829912023460288e+01 3.257352847215190250e-01 3.659096642551459500e+00
1.539589442815249143e+01 3.252512725591217291e-01 3.654497257188269010e+00
1.541348973607038175e+01 3.247646920446926599e-01 3.649879169395938039e+00
1.543108504398827030e+01 3.242729152623676780e-01 3.645217560278976698e+00
1.544868035190616062e+01 3.237732579047468695e-01 3.640487202507981745e+00
1.546627565982404562e+01 3.232628763306920616e-01 3.635661494341665190e+00
1.548387096774193594e+01 3.227387175403758079e-01 3.630712002552860085e+00
1.550146627565982449e+01 3.221975315246354832e-01 3.625608599484170469e+00
1.551906158357771304e+01 3.216359460930577896e-01 3.620320190207688249e+00
1.553665689149560336e+01 3.210505948408092780e-01 3.614815936319288436e+00
1.555425219941348836e+01 3.204382807743612616e-01 3.609066806512767567e+00
1.557184750733137690e+01 3.197961525096564284e-01 3.603047232365360397e+00
1.558944281524926723e+01 3.191218677570165085e-01 3.596736628919124268e+00
1.560703812316715577e+01 3.184137203981292075e-01 3.590120557106412758e+00
1.562463343108504610e+01 3.176707126524883629e-01 3.583191356725451637e+00
1.564222873900293109e+01 3.168925618730618066e-01 3.575948156947514889e+00
1.565982404692082142e+01 3.160796411949752804e-01 3.568396264246297189e+00
1.567741935483870996e+01 3.152328631050107521e-01 3.560546020690311675e+00
1.569501466275659851e+01 3.143535234893319319e-01 3.552411304174897921e+00
1.571260997067448884e+01 3.134431295492529079e-01 3.544007894213735632e+00
1.573020527859237383e+01 3.125032372688818505e-01 3.535351944569077087e+00
1.574780058651026238e+01 3.115353225417976657e-01 3.526458784969690452e+00
1.576539589442815270e+01 3.105407048752733545e-01 3.517342221820766390e+00
1.578299120234604125e+01 3.095205345818470288e-01 3.508014430429885699e+00
1.580058651026393157e+01 3.084758447389422398e-01 3.498486440666093156e+00
1.581818181818181657e+01 3.074076593760265430e-01 3.488769127685480420e+00
1.583577712609970689e+01 3.063171407890523112e-01 3.478874542771765999e+00
1.585337243401759544e+01 3.052057528597761360e-01 3.468817367818989528e+00
1.587096774193548399e+01 3.040754146838249850e-01 3.458616258226865803e+00
1.588856304985337431e+01 3.029286200946034180e-01 3.448294855862918507e+00
1.590615835777125930e+01 3.017685036373585761e-01 3.437882303712262999e+00
1.592375366568914785e+01 3.005988414608916082e-01 3.427413169195257847e+00
1.594134897360703818e+01 2.994239852503424171e-01 3.416926772156807068e+00
1.595894428152492672e+01 2.982487372458864638e-01 3.406466002380708513e+00
1.597653958944281705e+01 2.970781830641842092e-01 3.396075786503025551e+00
1.599413489736070204e+01 2.959175051545236967e-01 3.385801414177746604e+00
1.601173020527859236e+01 2.947718023869263515e-01 3.375686951288979110e+00
1.602932551319647914e+01 2.936459401315560935e-01 3.365773952016967829e+00
1.604692082111436946e+01 2.925444504701220083e-01 3.356100634892400070e+00
1.606451612903225978e+01 2.914714946213288749e-01 3.346701618175091042e+00
1.608211143695014655e+01 2.904308903978884970e-01 3.337608227528209071e+00
1.609970674486803333e+01 2.894261978970677496e-01 3.328849305979570516e+00
1.611730205278592365e+01 2.884608480505296835e-01 3.320452384328319795e+00
1.613489736070381397e+01 2.875382923547311620e-01 3.312445019484631104e+00
1.615249266862170074e+01 2.866621489838309111e-01 3.304856085766537888e+00
1.617008797653959107e+01 2.858363210107739971e-01 3.297716812978169987e+00
1.618768328445747784e+01 2.850650665603994827e-01 3.291061403759476534e+00
1.620527859237536461e+01 2.843530077922835075e-01 3.284927125458600994e+00
1.622287390029325493e+01 2.837050746136456358e-01 3.279353849292076628e+00
1.624046920821114526e+01 2.831263886135230723e-01 3.274383090305543753e+00
1.625806451612903203e+01 2.826221014678045873e-01 3.270056673785315393e+00
1.627565982404691880e+01 2.821972087063792101e-01 3.266415206946084560e+00
1.629325513196480912e+01 2.818563633137760593e-01 3.263496561685891972e+00
1.631085043988269945e+01 2.816037136729533930e-01 3.261334571700144735e+00
1.632844574780058622e+01 2.814427868975286628e-01 3.259958116277901219e+00
1.634604105571847654e+01 2.813764321591437079e-01 3.259390708483668408e+00
1.636363636363636331e+01 2.814068301283685902e-01 3.259650634919333267e+00
1.638123167155425008e+01 2.815355652972617584e-01 3.260751617471409070e+00
1.639882697947214041e+01 2.817637490336109551e-01 3.262703894636415303e+00
1.641642228739003073e+01 2.820921739701868214e-01 3.265515560917377602e+00
1.643401759530792106e+01 2.825214757858416914e-01 3.269193965492287468e+00
1.645161290322580427e+01 2.830522772648558227e-01 3.273746961266020161e+00
1.646920821114369460e+01 2.836852919483721647e-01 3.279183814430854493e+00
1.648680351906158492e+01 2.844213704282089195e-01 3.285515630677652066e+00
1.650439882697947169e+01 2.852614806037999662e-01 3.292755221236971508e+00
1.652199413489736202e+01 2.862066228638047161e-01 3.300916410822312574e+00
1.653958944281524879e+01 2.872576907792082634e-01 3.310012869235702482e+00
1.655718475073313556e+01 2.884152961106011825e-01 3.320056617622721529e+00
1.657478005865102588e+01 2.896795825412002978e-01 3.331056409312139532e+00
1.659237536656891621e+01 2.910500547280367445e-01 3.343016206909075638e+00
1.660997067448680298e+01 2.925254476788660130e-01 3.355933968621200858e+00
1.662756598240468975e+01 2.941036562949546074e-01 3.369800918506358212e+00
1.664516129032258007e+01 2.957817368405387115e-01 3.384601412065836978e+00
1.666275659824047040e+01 2.975559821785148662e-01 3.400313428220967271e+00
1.668035190615835717e+01 2.994220621880916977e-01 3.416909631420702809e+00
1.669794721407624749e+01 3.013752113045107817e-01 3.434358864985876725e+00
1.671554252199413426e+01 3.034104379716323074e-01 3.452627870392194875e+00
1.673313782991202103e+01 3.055227270945558571e-01 3.471682987230320983e+00
1.675073313782991136e+01 3.077072069981637847e-01 3.491491582265648486e+00
1.676832844574780168e+01 3.099592570421361715e-01 3.512022986212370412e+00
1.678592375366569200e+01 3.122745403792472341e-01 3.533248781086890666e+00
1.680351906158357522e+01 3.146489572482080166e-01 3.555142371510662702e+00
1.682111436950146555e+01 3.170785260978443154e-01 3.577677877769622761e+00
1.683870967741935587e+01 3.195592109762760979e-01 3.600828491779971774e+00
1.685630498533724264e+01 3.220867222896860449e-01 3.624564523921648185e+00
1.687390029325513296e+01 3.246563228839758897e-01 3.648851425554374028e+00
1.689149560117301974e+01 3.272626716208563713e-01 3.673648089525880067e+00
1.690909090909090651e+01 3.298997320640980058e-01 3.698905705072518035e+00
1.692668621700879683e+01 3.325607651062314485e-01 3.724567376105230920e+00
1.694428152492668715e+01 3.352384125124246439e-01 3.750568610674940295e+00
1.696187683284457393e+01 3.379248650730099501e-01 3.776838667204346134e+00
1.697947214076246425e+01 3.406120962470304825e-01 3.803302616433978933e+00
1.699706744868035102e+01 3.432921317737308575e-01 3.829883865452500036e+00
1.701466275659824134e+01 3.459573194000704621e-01 3.856506809678242664e+00
1.703225806451612812e+01 3.486005617631408038e-01 3.883099244907378012e+00
1.704985337243401844e+01 3.512154799708111508e-01 3.909594193086968428e+00
1.706744868035190876e+01 3.537964850633559810e-01 3.935930872490551291e+00
1.708504398826979198e+01 3.563387479879751574e-01 3.962054666417903270e+00
1.710263929618768231e+01 3.588380739826577681e-01 3.987916096940968380e+00
1.712023460410557263e+01 3.612907019988257917e-01 4.013468968323063102e+00
1.713782991202346295e+01 3.636930616788967563e-01 4.038667983367348668e+00
1.715542521994134972e+01 3.660415275462718387e-01 4.063466232299971281e+00
1.717302052785923649e+01 3.683322112817823957e-01 4.087812991243697347e+00
1.719061583577712682e+01 3.705608279679369899e-01 4.111652238067472709e+00
1.720821114369501359e+01 3.727226616261632985e-01 4.134922199556827493e+00
1.722580645161290391e+01 3.748126407303791208e-01 4.157556097306675191e+00
1.724340175953079424e+01 3.768255177568551884e-01 4.179484080618920849e+00
1.726099706744867746e+01 3.787561306765859781e-01 4.200636148982823670e+00
1.727859237536656778e+01 3.805997110728006061e-01 4.220945702953578405e+00
1.729618768328445810e+01 3.823521953879618351e-01 4.240353247484997645e+00
1.731378299120234487e+01 3.840104940986326931e-01 4.258809727138784140e+00
1.733137829912023520e+01 3.855726788539288741e-01 4.276279009096190187e+00
1.734897360703812197e+01 3.870380591727854425e-01 4.292739145479404606e+00
1.736656891495601229e+01 3.884071365085779992e-01 4.308182225276272703e+00
1.738416422287389906e+01 3.896814418827266868e-01 4.322612840516407928e+00
1.740175953079178939e+01 3.908632809854984957e-01 4.336045406543036940e+00
1.741935483870967971e+01 3.919554248500727867e-01 4.348500756753354679e+00
1.743695014662756293e+01 3.929607926854035149e-01 4.360002548208090190e+00
1.745454545454545325e+01 3.938821748765106712e-01 4.370574047032944165e+00
1.747214076246334358e+01 3.947220382952213447e-01 4.380235806164195722e+00
1.748973607038123390e+01 3.954824437809612014e-01 4.389004611305740156e+00
1.750733137829912067e+01 3.961650887614941441e-01 4.396893874597258112e+00
1.752492668621700744e+01 3.967714689718243037e-01 4.403915428898878659e+00
1.754252199413489777e+01 3.973031349006189150e-01 4.410082452851743717e+00
1.756011730205278454e+01 3.977620036947389082e-01 4.415413072134940720e+00
1.757771260997067486e+01 3.981506780829048853e-01 4.419934065013467972e+00
1.759530791788856519e+01 3.984727219400034381e-01 4.423684070408022251e+00
1.761290322580644840e+01 3.987328478393731279e-01 4.426715761193036336e+00
1.763049853372433873e+01 3.989369845793208080e-01 4.429096595899326694e+00
1.764809384164222905e+01 3.990922103554537803e-01 4.430907975495331108e+00
1.766568914956011582e+01 3.992065572733458079e-01 4.432242874361415730e+00
1.768328445747800615e+01 3.992887121530508399e-01 4.433202246822658843e+00
1.770087976539589647e+01 3.993476540887319626e-01 4.433890695594890019e+00
1.771847507331378324e+01 3.993922786363306443e-01 4.434411997837060859e+00
1.773607038123167001e+01 3.994310604379260332e-01 4.434865102930060310e+00
1.775366568914956034e+01 3.994718003410175911e-01 4.435341143083430637e+00
1.777126099706745066e+01 3.995214905585373621e-01 4.435921846457913098e+00
1.778885630498533743e+01 3.995863140131202251e-01 4.436679536240871080e+00
1.780645161290322420e+01 3.996717742447068455e-01 4.437678668144756422e+00
1.782404692082111453e+01 3.997829329656764630e-01 4.438978635688595631e+00
1.784164222873900485e+01 3.999247162934758681e-01 4.440637388543130726e+00
1.785923753665689162e+01 4.001022402251733223e-01 4.442715290276135320e+00
1.787683284457478194e+01 4.003211026367185510e-01 4.445278605636779012e+00
1.789442815249266872e+01 4.005875935833811408e-01 4.448402060404921698e+00
1.791202346041055549e+01 4.009087873815464498e-01 4.452170051995105737e+00
1.792961876832844581e+01 4.012924972053292239e-01 4.456676287072462550e+00
1.794721407624633613e+01 4.017470931763547082e-01 4.462021853757507373e+00
1.796480938416422291e+01 4.022812051306861592e-01 4.468311965751972537e+00
1.798240469208210968e+01 4.029033483887583533e-01 4.475651809720591956e+00
1.800000000000000000e+01 4.036215224086428521e-01 4.484142057752591448e+00
