0.000000000000000000e+00 4.666850460124904454e-01 5.312005656884845273e+00
1.759530791788856130e-02 4.666189593467398589e-01 5.311042214501597414e+00
3.519061583577712260e-02 4.664208494499627045e-01 5.308155428673877019e+00
5.278592375366569084e-02 4.660911561046173213e-01 5.303355749786586415e+00
7.038123167155424520e-02 4.656305784118411339e-01 5.296660036157945228e+00
8.797653958944282038e-02 4.650400280261037245e-01 5.288090781762294412e+00
1.055718475073313817e-01 4.643205712801259932e-01 5.277675158997166882e+00
1.231671554252199430e-01 4.634733667309665628e-01 5.265443981851874788e+00
1.407624633431084904e-01 4.624996051455464996e-01 5.251430701139779167e+00
1.583577712609970656e-01 4.614004586277865583e-01 5.235670536305332412e+00
1.759530791788856408e-01 4.601770445113581576e-01 5.218199828803501639e+00
1.935483870967741882e-01 4.588304079293951121e-01 5.199055672751792478e+00
2.111436950146627634e-01 4.573615248244367604e-01 5.178275843189446448e+00
2.287390029325513108e-01 4.557713248248349558e-01 5.155899005207954744e+00
2.463343108504398860e-01 4.540607311543175539e-01 5.131965152924404805e+00
2.639296187683284334e-01 4.522307128152622258e-01 5.106516199815565926e+00
2.815249266862169808e-01 4.502823429111563192e-01 5.079596624494200796e+00
2.991202346041055837e-01 4.482168563040557219e-01 5.051254070512189998e+00
3.167155425219941312e-01 4.460356999120709820e-01 5.021539805664527734e+00
3.343108504398826786e-01 4.437405698244881180e-01 4.990508964483685972e+00
3.519061583577712815e-01 4.413334309436372505e-01 4.958220524711198784e+00
3.695014662756598289e-01 4.388165168731287258e-01 4.924737001027300387e+00
3.870967741935483764e-01 4.361923100260027275e-01 4.890123873122252718e+00
4.046920821114369238e-01 4.334635041615209627e-01 4.854448796162948554e+00
4.222873900293255267e-01 4.306329535177875756e-01 4.817780666173526072e+00
4.398826979472141296e-01 4.277036141670931269e-01 4.780188628076179391e+00
4.574780058651026216e-01 4.246784840201479616e-01 4.741741118624997142e+00
4.750733137829911690e-01 4.215605479627534402e-01 4.702505030093479199e+00
4.926686217008797719e-01 4.183527339287863023e-01 4.662545064532118033e+00
5.102639296187683193e-01 4.150578843862745559e-01 4.621923324982112113e+00
5.278592375366568668e-01 4.116787459002175242e-01 4.580699162253393020e+00
5.454545454545454142e-01 4.082179773500932973e-01 4.538929267143430479e+00
5.630498533724339616e-01 4.046781752617533701e-01 4.496667971622779092e+00
5.806451612903226200e-01 4.010619128023935054e-01 4.453967701450738836e+00
5.982404692082111675e-01 3.973717874960016605e-01 4.410879509080737115e+00
6.158357771260997149e-01 3.936104718075019160e-01 4.367453610801676156e+00
6.334310850439882623e-01 3.897807605113514096e-01 4.323739856030472950e+00
6.510263929618768097e-01 3.858856092210556366e-01 4.279788068688544556e+00
6.686217008797653572e-01 3.819281595473561497e-01 4.235648218936721499e+00
6.862170087976539046e-01 3.779117479403116819e-01 4.191370405818678258e+00
7.038123167155425630e-01 3.738398971643527302e-01 4.147004654823344794e+00
7.214076246334311104e-01 3.697162913328830847e-01 4.102600556250445507e+00
7.390029325513196579e-01 3.655447372618561563e-01 4.058206788098559947e+00
7.565982404692082053e-01 3.613291163824632335e-01 4.013870579131632255e+00
7.741935483870967527e-01 3.570733324200791037e-01 3.969637172752742416e+00
7.917888563049854111e-01 3.527812604014561870e-01 3.925549350126312120e+00
8.093841642228738475e-01 3.484567022700301164e-01 3.881647062289410588e+00
8.269794721407623950e-01 3.441033535186059367e-01 3.837967207127609193e+00
8.445747800586510534e-01 3.397247839041069306e-01 3.794543569912795178e+00
8.621700879765396008e-01 3.353244336549182636e-01 3.751406927710732475e+00
8.797653958944282593e-01 3.309056248120016974e-01 3.708585300468032919e+00
8.973607038123166957e-01 3.264715856620347134e-01 3.666104316857416112e+00
9.149560117302052431e-01 3.220254848105033596e-01 3.623987652458251052e+00
9.325513196480939015e-01 3.175704704560231573e-01 3.582257492498794882e+00
9.501466275659823379e-01 3.131097099638719405e-01 3.540934971500182105e+00
9.677419354838709964e-01 3.086464249358348844e-01 3.500040547447007988e+00
9.853372434017595438e-01 3.041839176096406971e-01 3.459594277722233713e+00
1.002932551319648091e+00 2.997255855091528476e-01 3.419615976710134841e+00
1.020527859237536639e+00 2.952749226712645947e-01 3.380125249140397248e+00
1.038123167155425186e+00 2.908355073292858139e-01 3.341141407278754638e+00
1.055718475073313734e+00 2.864109774549427057e-01 3.302683292424088535e+00
1.073313782991202281e+00 2.820049968799560047e-01 3.264769030577541642e+00
1.090909090909090828e+00 2.776212156901952111e-01 3.227415757736179280e+00
1.108504398826979376e+00 2.732632291119085344e-01 3.190639351640423893e+00
1.126099706744867923e+00 2.689345391463748292e-01 3.154454204071594159e+00
1.143695014662756693e+00 2.646385227698049292e-01 3.118873061500514687e+00
1.161290322580645240e+00 2.603784096661517777e-01 3.083906952930398848e+00
1.178885630498533788e+00 2.561572713119871780e-01 3.049565213287337873e+00
1.196480938416422335e+00 2.519780219233517249e-01 3.015855599902975026e+00
1.214076246334310660e+00 2.478434304558853885e-01 2.982784489679358497e+00
1.231671554252199430e+00 2.437561416672555104e-01 2.950357136428041649e+00
1.249266862170087977e+00 2.397187033302792536e-01 2.918577962384434343e+00
1.266862170087976525e+00 2.357335961179191364e-01 2.887450855447260434e+00
1.284457478005865072e+00 2.318032625174377415e-01 2.856979444376900545e+00
1.302052785923753619e+00 2.279301313741615986e-01 2.827167327767351690e+00
1.319648093841642389e+00 2.241166352743128587e-01 2.798018238556331028e+00
1.337243401759530714e+00 2.203652188712518500e-01 2.769536133407776823e+00
1.354838709677419262e+00 2.166783373306840066e-01 2.741725204603778554e+00
1.372434017595307809e+00 2.130584451929074807e-01 2.714589820200655090e+00
1.390029325513196357e+00 2.095079769977906681e-01 2.688134405285305562e+00
1.407624633431085126e+00 2.060293218776636792e-01 2.662363282515821883e+00
1.425219941348973673e+00 2.026247949075962729e-01 2.637280493274873017e+00
1.442815249266862221e+00 1.992966082588282783e-01 2.612889621496360171e+00
1.460410557184750768e+00 1.960468451156606451e-01 2.589193640605990776e+00
1.478005865102639316e+00 1.928774389136336809e-01 2.566194800350155347e+00
1.495601173020527863e+00 1.897901597952659225e-01 2.543894565072796432e+00
1.513196480938416411e+00 1.867866093422904938e-01 2.522293608864525805e+00
1.530791788856304958e+00 1.838682237278093379e-01 2.501391866632324934e+00
1.548387096774193505e+00 1.810362845389787145e-01 2.481188634184057662e+00
1.565982404692082053e+00 1.782919357442795671e-01 2.461682705471668342e+00
1.583577712609970822e+00 1.756362046955521061e-01 2.442872531636736344e+00
1.601173020527859370e+00 1.730700247170664230e-01 2.424756384735218706e+00
1.618768328445747695e+00 1.705942567668555232e-01 2.407332509079449068e+00
1.636363636363636243e+00 1.682097078555801206e-01 2.390599244938201640e+00
1.653958944281524790e+00 1.659171443435619453e-01 2.374555112621915320e+00
1.671554252199413559e+00 1.637172988527136053e-01 2.359198849357966754e+00
1.689149560117302107e+00 1.616108702553786525e-01 2.344529396343672190e+00
1.706744868035190654e+00 1.595985169566637996e-01 2.330545838426384186e+00
1.724340175953079202e+00 1.576808443909465118e-01 2.317247303488385146e+00
1.741935483870967749e+00 1.558583882358719475e-01 2.304632832363191941e+00
1.759530791788856519e+00 1.541315952530666333e-01 2.292701232641665143e+00
1.777126099706744844e+00 1.525008038596512572e-01 2.281450930840809743e+00
1.794721407624633391e+00 1.509662265073060394e-01 2.270879837055041595e+00
1.812316715542521939e+00 1.495279357080511462e-01 2.260985234484895745e+00
1.829912023460410486e+00 1.481858551303243121e-01 2.251763703364972447e+00
1.847507331378299256e+00 1.469397566435700075e-01 2.243211085113710812e+00
1.865102639296187803e+00 1.457892635728328112e-01 2.235322488386904283e+00
1.882697947214076351e+00 1.447338597994006493e-01 2.228092334544150788e+00
1.900293255131964676e+00 1.437729037703283919e-01 2.221514436229527156e+00
1.917888563049853445e+00 1.429056460125340544e-01 2.215582099675209360e+00
1.935483870967741993e+00 1.421312484285417177e-01 2.210288239235915331e+00
1.953079178885630762e+00 1.414488035083499018e-01 2.205625491732154053e+00
1.970674486803519088e+00 1.408573516360692446e-01 2.201586318491324690e+00
1.988269794721407413e+00 1.403558948938122275e-01 2.198163084480342810e+00
2.005865102639296182e+00 1.399434061449668365e-01 2.195348106463524296e+00
2.023460410557184730e+00 1.396188326759229548e-01 2.193133665439255697e+00
2.041055718475073277e+00 1.393810942399467956e-01 2.191511982378441914e+00
2.058651026392961825e+00 1.392290759234115771e-01 2.190475160135043176e+00
2.076246334310850372e+00 1.391616167862869402e-01 2.190015097945611000e+00
2.093841642228738920e+00 1.391774956635293548e-01 2.190123387832100921e+00
2.111436950146627467e+00 1.392754158093030270e-01 2.190791204186141261e+00
2.129032258064516014e+00 1.394539901928878167e-01 2.192009198649797153e+00
2.146627565982404562e+00 1.397117292010175149e-01 2.193767412032603836e+00
2.164222873900293109e+00 1.400470322707441928e-01 2.196055213447186460e+00
2.181818181818181657e+00 1.404581845912427629e-01 2.198861274249609199e+00
2.199413489736070648e+00 1.409433595085124447e-01 2.202173580977637268e+00
2.217008797653958752e+00 1.415006266917807065e-01 2.205979487611309686e+00
2.234604105571847743e+00 1.421279655304753253e-01 2.210265803508771221e+00
2.252199413489735846e+00 1.428232826843952863e-01 2.215018909686844228e+00
2.269794721407624394e+00 1.435844322633691994e-01 2.220224893096255592e+00
2.287390029325513385e+00 1.444092368142169680e-01 2.225869686507844669e+00
2.304985337243401489e+00 1.452955071771947215e-01 2.231939200814942570e+00
2.322580645161290480e+00 1.462410593586726260e-01 2.238419437088900121e+00
2.340175953079178583e+00 1.472437268488469286e-01 2.245296567586900771e+00
2.357771260997067575e+00 1.483013672689561246e-01 2.252556977950685546e+00
2.375366568914956122e+00 1.494118628183714603e-01 2.260187266767861747e+00
2.392961876832844670e+00 1.505731146491439687e-01 2.268174203105441045e+00
2.410557184750733217e+00 1.517830319552886664e-01 2.276504647110419555e+00
2.428152492668621321e+00 1.530395171551273414e-01 2.285165442828397175e+00
2.445747800586510312e+00 1.543404490015516384e-01 2.294143295572931507e+00
2.463343108504398860e+00 1.556836657240367738e-01 2.303424648121381590e+00
2.480938416422287407e+00 1.570669503533694278e-01 2.312995570474440044e+00
2.498533724340175954e+00 1.584880201942487632e-01 2.322841676805383671e+00
2.516129032258064502e+00 1.599445220056208705e-01 2.332948080612378572e+00
2.533724340175953049e+00 1.614340338615328219e-01 2.343299395207429026e+00
2.551319648093841597e+00 1.629540739548781814e-01 2.353879781904759660e+00
2.568914956011730144e+00 1.645021158463284283e-01 2.364673043093990401e+00
2.586510263929618691e+00 1.660756089330806262e-01 2.375662752348784768e+00
2.604105571847507239e+00 1.676720022981436631e-01 2.386832409385014842e+00
2.621700879765395786e+00 1.692887696729794000e-01 2.398165604549276075e+00
2.639296187683284778e+00 1.709234330586324735e-01 2.409646175983467309e+00
2.656891495601172881e+00 1.725735826321763422e-01 2.421258342907233185e+00
2.674486803519061429e+00 1.742368909161414736e-01 2.432986800625271506e+00
2.692082111436949976e+00 1.759111197770724666e-01 2.444816766724635659e+00
2.709677419354838523e+00 1.775941195857303756e-01 2.456733973102355861e+00
2.727272727272727515e+00 1.792838207331551581e-01 2.468724604411823620e+00
2.744868035190615618e+00 1.809782185580546821e-01 2.480775189586154283e+00
2.762463343108504610e+00 1.826753535033486253e-01 2.492872458600514207e+00
2.780058651026392713e+00 1.843732888939403625e-01 2.505003180930694739e+00
2.797653958944281705e+00 1.860700890442910371e-01 2.517154004729468486e+00
2.815249266862170252e+00 1.877638004214130241e-01 2.529311316235276497e+00
2.832844574780058355e+00 1.894524382980113664e-01 2.541461137234817702e+00
2.850439882697947347e+00 1.911339807577391858e-01 2.553589074649906365e+00
2.868035190615835450e+00 1.928063711181894624e-01 2.565680330870947046e+00
2.885630498533724442e+00 1.944675289020906250e-01 2.577719776877179125e+00
2.903225806451612989e+00 1.961153685156987181e-01 2.589692083175569426e+00
2.920821114369501537e+00 1.977478238947108780e-01 2.601581896935134974e+00
2.938416422287390084e+00 1.993628766562915711e-01 2.613374048160998608e+00
2.956011730205278631e+00 2.009585848377298534e-01 2.625053764010838897e+00
2.973607038123167179e+00 2.025331091670539430e-01 2.636606868895184697e+00
2.991202346041055726e+00 2.040847340218897576e-01 2.648019949062740075e+00
3.008797653958944274e+00 2.056118807739638898e-01 2.659280463909430736e+00
3.026392961876832821e+00 2.071131120323870256e-01 2.670376791924595761e+00
3.043988269794721369e+00 2.085871263006497389e-01 2.681298206398764705e+00
3.061583577712609916e+00 2.100327436373384260e-01 2.692034783960409072e+00
3.079178885630498907e+00 2.114488839359871808e-01 2.702577256775740455e+00
3.096774193548387011e+00 2.128345402958879973e-01 2.712916825925615338e+00
3.114369501466275558e+00 2.141887505420963234e-01 2.723044958268617144e+00
3.131964809384164106e+00 2.155105701985749467e-01 2.732953191418062922e+00
3.149560117302052653e+00 2.167990500908825169e-01 2.742632970988114760e+00
3.167155425219941645e+00 2.180532212643419843e-01 2.752075541006031134e+00
3.184750733137829748e+00 2.192720891013822948e-01 2.761271902665374256e+00
3.202346041055718739e+00 2.204546374949256093e-01 2.770212849018661938e+00
3.219941348973606843e+00 2.215998427968239037e-01 2.778889074608958953e+00
3.237536656891495390e+00 2.227066961388790289e-01 2.787291350382287369e+00
3.255131964809384382e+00 2.237742317464676278e-01 2.795410746498049548e+00
3.272727272727272485e+00 2.248015581448129518e-01 2.803238879773237713e+00
3.290322580645161477e+00 2.257878887814713798e-01 2.810768159175743186e+00
3.307917888563049580e+00 2.267325686039383670e-01 2.817992002462109902e+00
3.325513196480938571e+00 2.276350935424075184e-01 2.824904999834451758e+00
3.343108504398827119e+00 2.284951206125120371e-01 2.831503006103471165e+00
3.360703812316715666e+00 2.293124673875486241e-01 2.837783150682775535e+00
3.378299120234604214e+00 2.300871007775892596e-01 2.843743763919363232e+00
3.395894428152492317e+00 2.308191162582397815e-01 2.849384227727998375e+00
3.413489736070381309e+00 2.315087097759023216e-01 2.854704767140103794e+00
3.431085043988269856e+00 2.321561453937898700e-01 2.859706206184412292e+00
3.448680351906158403e+00 2.327617222364935512e-01 2.864389715681658455e+00
3.466275659824046951e+00 2.333257443832509881e-01 2.868756581563115748e+00
3.483870967741935498e+00 2.338484970392668838e-01 2.872808020076231816e+00
3.501466275659824046e+00 2.343302316160371657e-01 2.876545060965287171e+00
3.519061583577713037e+00 2.347711613531552333e-01 2.879968511997641922e+00
3.536656891495601140e+00 2.351714679271985076e-01 2.883079008915681030e+00
3.554252199413489688e+00 2.355313182507214054e-01 2.885877145078953543e+00
3.571847507331378235e+00 2.358508895055641263e-01 2.888363665833712624e+00
3.589442815249266783e+00 2.361303995107438825e-01 2.890539705065338083e+00
3.607038123167155774e+00 2.363701389037166922e-01 2.892407036330707282e+00
3.624633431085043878e+00 2.365705013874433160e-01 2.893968309035130471e+00
3.642228739002932869e+00 2.367320084923550116e-01 2.895227241557300601e+00
3.659824046920820972e+00 2.368553259023815638e-01 2.896188747897006976e+00
3.677419354838709520e+00 2.369412693310375129e-01 2.896858981802396205e+00
3.695014662756598511e+00 2.369907991015673121e-01 2.897245291584975124e+00
3.712609970674486615e+00 2.370050038513339674e-01 2.897356088884320169e+00
3.730205278592375606e+00 2.369850750003830442e-01 2.897200644336709541e+00
3.747800586510263710e+00 2.369322746584192341e-01 2.896788831314218271e+00
3.765395894428152701e+00 2.368479003760659563e-01 2.896130844692677009e+00
3.782991202346041248e+00 2.367332504933190307e-01 2.895236924326003880e+00
3.800586510263929352e+00 2.365895937631244117e-01 2.894117112260181202e+00
3.818181818181817899e+00 2.364181464414663036e-01 2.892781068808346401e+00
3.835777126099706891e+00 2.362200591935071647e-01 2.891237965891787276e+00
3.853372434017595438e+00 2.359964150639536906e-01 2.889496467305116223e+00
3.870967741935483986e+00 2.357482385220118215e-01 2.887564795775098947e+00
3.888563049853372089e+00 2.354765143550992534e-01 2.885450876951011434e+00
3.906158357771261525e+00 2.351822140878853939e-01 2.883162541873504292e+00
3.923753665689149628e+00 2.348663267660379694e-01 2.880707762974519692e+00
3.941348973607038175e+00 2.345298904602170498e-01 2.878094894983605379e+00
3.958944281524926723e+00 2.341740207693607523e-01 2.875332891663565871e+00
3.976539589442814826e+00 2.337999329417518313e-01 2.872431472116026452e+00
3.994134897360704262e+00 2.334089549495655946e-01 2.869401216160311741e+00
4.011730205278592365e+00 2.330025298665558686e-01 2.866253576335675124e+00
4.029325513196480912e+00 2.325822070945661457e-01 2.863000803486645207e+00
4.046920821114369460e+00 2.321496232272843019e-01 2.859655792588911893e+00
4.064516129032258007e+00 2.317064744891246530e-01 2.856231864359946915e+00
4.082111436950146555e+00 2.312544836147711058e-01 2.852742505278555107e+00
4.099706744868035102e+00 2.307953646386436963e-01 2.849201093135451224e+00
4.117302052785923649e+00 2.303307892787176125e-01 2.845620636680469495e+00
4.134897360703812197e+00 2.298623584055639879e-01 2.842013556201632429e+00
4.152492668621700744e+00 2.293915815102376687e-01 2.838391527198934838e+00
4.170087976539589292e+00 2.289198661908694865e-01 2.834765402254275646e+00
4.187683284457477839e+00 2.284485185679665520e-01 2.831145217548380000e+00
4.205278592375366387e+00 2.279787543353309909e-01 2.827540281195297656e+00
4.222873900293254934e+00 2.275117189889807878e-01 2.823959331669535722e+00
4.240469208211143481e+00 2.270485147768302459e-01 2.820410747049372002e+00
4.258064516129032029e+00 2.265902311858855600e-01 2.816902780406176365e+00
4.275659824046920576e+00 2.261379754093049421e-01 2.813443794004368836e+00
4.293255131964809124e+00 2.256928992534456557e-01 2.810042465320888194e+00
4.310850439882698559e+00 2.252562193519010714e-01 2.806707941193268052e+00
4.328445747800586219e+00 2.248292283040308204e-01 2.803449922287166274e+00
4.346041055718474766e+00 2.244132953656934881e-01 2.800278667875260918e+00
4.363636363636363313e+00 2.240098564773332634e-01 2.797204919768633058e+00
4.381231671554251861e+00 2.236203945903836310e-01 2.794239753153399342e+00
4.398826979472141296e+00 2.232464123174103809e-01 2.791394370078930098e+00
4.416422287390028956e+00 2.228893997677094119e-01 2.788679857548282293e+00
4.434017595307917503e+00 2.225508009484780669e-01 2.786106935919954619e+00
4.451612903225806051e+00 2.222319822580670068e-01 2.783685724261512728e+00
4.469208211143695486e+00 2.219342063597516124e-01 2.781425547335226955e+00
4.486803519061584034e+00 2.216586141311197855e-01 2.779334804289181449e+00
4.504398826979471693e+00 2.214062165023517048e-01 2.777420912396422192e+00
4.521994134897360240e+00 2.211778969232381653e-01 2.775690331067684813e+00
4.539589442815248788e+00 2.209744240496014644e-01 2.774148662731065862e+00
4.557184750733138223e+00 2.207964731382127399e-01 2.772800818942919854e+00
4.574780058651026771e+00 2.206446537027920984e-01 2.771651233135996151e+00
4.592375366568914430e+00 2.205195403125020659e-01 2.770704096459530863e+00
4.609970674486802977e+00 2.204217030805656063e-01 2.769963590746317372e+00
4.627565982404692413e+00 2.203517344306412107e-01 2.769434093013554143e+00
4.645161290322580960e+00 2.203102691388125478e-01 2.769120329031835137e+00
4.662756598240469508e+00 2.202979953856195328e-01 2.769027459046480288e+00
4.680351906158357167e+00 2.203156555359556679e-01 2.769161086111281644e+00
4.697947214076245714e+00 2.203640364879473901e-01 2.769527185898736477e+00
4.715542521994135150e+00 2.204439505725525050e-01 2.770131965371030347e+00
4.733137829912023697e+00 2.205562090194943536e-01 2.770981665411994310e+00
4.750733137829912245e+00 2.207015908197989817e-01 2.772082328598893142e+00
4.768328445747799904e+00 2.208808103231224007e-01 2.773439557088556384e+00
4.785923753665689340e+00 2.210944870551233288e-01 2.775058286706594490e+00
4.803519061583577887e+00 2.213431210115702763e-01 2.776942601653154874e+00
4.821114369501466435e+00 2.216270761068953876e-01 2.779095609959698177e+00
4.838709677419354982e+00 2.219465735876585688e-01 2.781519393404385809e+00
4.856304985337242641e+00 2.223016961577841399e-01 2.784215037692614025e+00
4.873900293255132077e+00 2.226924024150859771e-01 2.787182740159960925e+00
4.891495601173020624e+00 2.231185500887528650e-01 2.790421983949007423e+00
4.909090909090909172e+00 2.235799256133939872e-01 2.793931760423500332e+00
4.926686217008797719e+00 2.240762768798048865e-01 2.797710816280298385e+00
4.944281524926685378e+00 2.246073456426694315e-01 2.801757898984139850e+00
4.961876832844574814e+00 2.251728960829909587e-01 2.806071974113761858e+00
4.979472140762463361e+00 2.257727364204080989e-01 2.810652391011632556e+00
4.997067448680351909e+00 2.264067312085807360e-01 2.815498978508204964e+00
5.014662756598240456e+00 2.270748029488021680e-01 2.820612059897476875e+00
5.032258064516129004e+00 2.277769228159425285e-01 2.825992384994210571e+00
5.049853372434017551e+00 2.285130914816535519e-01 2.831640986080122602e+00
5.067448680351906098e+00 2.292833121124657203e-01 2.837558972875154240e+00
5.085043988269794646e+00 2.300875584952144781e-01 2.843747288443978949e+00
5.102639296187683193e+00 2.309257418025889852e-01 2.850206452423819314e+00
5.120234604105571741e+00 2.317976796948132412e-01 2.856936319638446964e+00
5.137829912023460288e+00 2.327030712374487109e-01 2.863935880843124338e+00
5.155425219941348836e+00 2.336414805205776213e-01 2.871203128140269900e+00
5.173020527859237383e+00 2.346123309519685673e-01 2.878735000931768706e+00
5.190615835777126819e+00 2.356149110611673869e-01 2.886527419808417427e+00
5.208211143695014478e+00 2.366483914119341947e-01 2.894575406389867211e+00
5.225806451612903025e+00 2.377118510088599979e-01 2.902873277800376961e+00
5.243401759530791573e+00 2.388043105310415082e-01 2.911414896189876256e+00
5.260997067448680120e+00 2.399247689478075096e-01 2.920193947394054579e+00
5.278592375366569556e+00 2.410722396579480509e-01 2.929204219195709058e+00
5.296187683284457215e+00 2.422457822962835461e-01 2.938439849157913120e+00
5.313782991202345762e+00 2.434445267772947230e-01 2.947895514778406945e+00
5.331378299120234310e+00 2.446676869552105171e-01 2.957566544534125708e+00
5.348973607038122857e+00 2.459145623907706413e-01 2.967448936676057247e+00
5.366568914956012293e+00 2.471845280081865215e-01 2.977539282533301357e+00
5.384164222873899952e+00 2.484770127609712276e-01 2.987834601530595879e+00
5.401759530791788499e+00 2.497914696546283952e-01 2.998332104971194845e+00
5.419354838709677047e+00 2.511273404601137571e-01 3.009028913789751680e+00
5.436950146627566482e+00 2.524840190828095965e-01 3.019921761014327188e+00
5.454545454545455030e+00 2.538608177539654065e-01 3.031006711944330245e+00
5.472140762463342689e+00 2.552569399581050558e-01 3.042278933751791925e+00
5.489736070381231237e+00 2.566714633231622633e-01 3.053732541427557123e+00
5.507331378299119784e+00 2.581033346496501291e-01 3.065360539177107491e+00
5.524926686217009220e+00 2.595513779503301754e-01 3.077154866306642589e+00
5.542521994134897767e+00 2.610143149511610638e-01 3.089106545369093126e+00
5.560117302052785426e+00 2.624907961208191587e-01 3.101205919053542814e+00
5.577712609970673974e+00 2.639794391022231568e-01 3.113442952229562355e+00
5.595307917888563409e+00 2.654788705500815138e-01 3.125807567834235634e+00
5.612903225806451957e+00 2.669877669363061035e-01 3.138289980833463222e+00
5.630498533724340504e+00 2.685048899279726675e-01 3.150880993888716564e+00
5.648093841642228163e+00 2.700291124755160865e-01 3.163572221795567518e+00
5.665689149560116711e+00 2.715594327218202597e-01 3.176356218958885425e+00
5.683284457478006146e+00 2.730949741547016307e-01 3.189226494423213154e+00
5.700879765395894694e+00 2.746349719340671069e-01 3.202177411205040958e+00
5.718475073313783241e+00 2.761787468638879917e-01 3.215203979541441104e+00
5.736070381231670900e+00 2.777256698753652886e-01 3.228301565738861623e+00
5.753665689149560336e+00 2.792751209826532799e-01 3.241465548202568936e+00
5.771260997067448884e+00 2.808264473400277628e-01 3.254690958799943079e+00
5.788856304985337431e+00 2.823789251901885899e-01 3.267972150166007950e+00
5.806451612903225978e+00 2.839317301238730162e-01 3.281302527549232018e+00
5.824046920821113638e+00 2.854839192059945296e-01 3.294674377459454018e+00
5.841642228739003073e+00 2.870344272524104623e-01 3.308078815329707822e+00
5.859237536656891621e+00 2.885820779991743468e-01 3.321505861669411530e+00
5.876832844574780168e+00 2.901256092585320912e-01 3.334944642105337476e+00
5.894428152492668715e+00 2.916637095836220883e-01 3.348383692802687328e+00
5.912023460410557263e+00 2.931950626419288497e-01 3.361811340573837459e+00
5.929618768328445810e+00 2.947183945777136493e-01 3.375216117923999892e+00
5.947214076246334358e+00 2.962325192360684700e-01 3.388587168455573728e+00
5.964809384164222905e+00 2.977363762811625070e-01 3.401914598122151467e+00
5.982404692082111453e+00 2.992290579612040258e-01 3.415189732920556942e+00
6.000000000000000000e+00 3.007098214810014492e-01 3.428405253289967813e+00
6.017595307917888547e+00 3.021780855107354391e-01 3.441555188759368722e+00
6.035190615835777095e+00 3.036334111142650616e-01 3.454634771812877592e+00
6.052785923753665642e+00 3.050754691252610673e-01 3.467640165802718943e+00
6.070381231671554190e+00 3.065039975370738579e-01 3.480568096226262842e+00
6.087976539589442737e+00 3.079187536266753122e-01 3.493415426120295209e+00
6.105571847507331285e+00 3.093194661709182114e-01 3.506178723365923844e+00
6.123167155425219832e+00 3.107057931588024235e-01 3.518853869479488417e+00
6.140762463343108379e+00 3.120772898464900247e-01 3.531435755710426339e+00
6.158357771260997815e+00 3.134333908992555928e-01 3.543918103311605172e+00
6.175953079178885474e+00 3.147734088335362168e-01 3.556293431603414934e+00
6.193548387096774022e+00 3.160965491778229830e-01 3.568553181316252765e+00
6.211143695014662569e+00 3.174019409088381649e-01 3.580687983403968655e+00
6.228739002932551116e+00 3.186886789946601906e-01 3.592688046973732785e+00
6.246334310850440552e+00 3.199558744828260304e-01 3.604543626043198667e+00
6.263929618768328211e+00 3.212027066689030486e-01 3.616245515138585720e+00
6.281524926686216759e+00 3.224284715785532551e-01 3.627785519491246724e+00
6.299120234604105306e+00 3.236326213364764115e-01 3.639156847388016924e+00
6.316715542521994742e+00 3.248147899502116243e-01 3.650354380022869272e+00
6.334310850439883289e+00 3.259748025060931753e-01 3.661374787222957838e+00
6.351906158357770948e+00 3.271126665981810566e-01 3.672216474284728527e+00
6.369501466275659496e+00 3.282285467861287831e-01 3.682879363985437582e+00
6.387096774193548043e+00 3.293227247815035952e-01 3.693364536488457972e+00
6.404692082111437479e+00 3.303955496783057555e-01 3.703673766194334860e+00
6.422287390029326026e+00 3.314473836879259228e-01 3.713809006706476623e+00
6.439882697947213686e+00 3.324785493803515957e-01 3.723771881559325703e+00
6.457478005865102233e+00 3.334892843087512437e-01 3.733563238415393393e+00
6.475073313782990780e+00 3.344797081143623951e-01 3.743182818011877355e+00
6.492668621700880216e+00 3.354498058564047147e-01 3.752629076888378545e+00
6.510263929618768763e+00 3.363994295338939566e-01 3.761899186159200603e+00
6.527859237536656423e+00 3.373283177560764678e-01 3.770989209115500618e+00
6.545454545454544970e+00 3.382361314959997922e-01 3.779894440382351561e+00
6.563049853372434406e+00 3.391225020505099774e-01 3.788609870932386325e+00
6.580645161290322953e+00 3.399870859328839034e-01 3.797130728557833290e+00
6.598240469208211501e+00 3.408296206011767193e-01 3.805453034140202639e+00
6.615835777126099160e+00 3.416499747749200400e-01 3.813574111378442044e+00
6.633431085043987707e+00 3.424481876399862457e-01 3.821492991969104303e+00
6.651026392961877143e+00 3.432244924323915036e-01 3.829210669203471085e+00
6.668621700879765690e+00 3.439793215991063802e-01 3.836730169410083935e+00
6.686217008797654238e+00 3.447132927689373627e-01 3.844056430810640190e+00
6.703812316715541897e+00 3.454271769017089877e-01 3.851196000903340799e+00
6.721407624633431332e+00 3.461218519784906578e-01 3.858156583979494680e+00
6.739002932551319880e+00 3.467982472240236924e-01 3.864946487464933078e+00
6.756598240469208427e+00 3.474572839307377148e-01 3.871574027494966153e+00
6.774193548387096975e+00 3.480998193601914648e-01 3.878046959136868477e+00
6.791788856304984634e+00 3.487265998862533189e-01 3.884371994387096461e+00
6.809384164222874070e+00 3.493382285483598859e-01 3.890554461728558344e+00
6.826979472140762617e+00 3.499351506116407107e-01 3.896598145652602874e+00
6.844574780058651164e+00 3.505176587546722788e-01 3.902505324800554565e+00
6.862170087976539712e+00 3.510859173406490896e-01 3.908277005409336979e+00
6.879765395894428259e+00 3.516400031102951407e-01 3.913913324952074113e+00
6.897360703812316807e+00 3.521799577978418361e-01 3.919414081649604142e+00
6.914956011730205354e+00 3.527058468194079754e-01 3.924779331046724273e+00
6.932551319648093902e+00 3.532178174698876738e-01 3.930009982768579047e+00
6.950146627565982449e+00 3.537161500751784815e-01 3.935108329889228429e+00
6.967741935483870996e+00 3.542012962868899550e-01 3.940078450234469010e+00
6.985337243401759544e+00 3.546739001001882330e-01 3.944926432722597021e+00
7.002932551319648091e+00 3.551347990711362090e-01 3.949660401035994806e+00
7.020527859237536639e+00 3.555850053978274472e-01 3.954290329378704616e+00
7.038123167155426074e+00 3.560256687653222119e-01 3.958827668277575373e+00
7.055718475073313734e+00 3.564580248869820833e-01 3.963284819694957051e+00
7.073313782991202281e+00 3.568833352759674948e-01 3.967674517720685579e+00
7.090909090909090828e+00 3.573028247716416028e-01 3.972009181887298457e+00
7.108504398826979376e+00 3.577176236162163958e-01 3.976300313503893236e+00
7.126099706744868811e+00 3.581287203979767741e-01 3.980558000973013932e+00
7.143695014662756471e+00 3.585369310016346400e-01 3.984790588338143813e+00
7.161290322580645018e+00 3.589428869627898089e-01 3.989004543595199515e+00
7.178885630498533565e+00 3.593470445014259607e-01 3.993204541508027283e+00
7.196480938416422113e+00 3.597497132393914221e-01 3.997393752150081525e+00
7.214076246334311548e+00 3.601511014352619111e-01 4.001574303689568346e+00
7.231671554252199208e+00 3.605513727345011077e-01 4.005747868518083621e+00
7.249266862170087755e+00 3.609507081364157211e-01 4.009916307841183247e+00
7.266862170087976303e+00 3.613493662688717079e-01 4.014082302899312893e+00
7.284457478005865738e+00 3.617477352103575239e-01 4.018249901921078227e+00
7.302052785923754286e+00 3.621463699968896499e-01 4.022424920720125918e+00
7.319648093841641945e+00 3.625460115049302101e-01 4.026615150638883200e+00
7.337243401759530492e+00 3.629475844420093633e-01 4.030830348610775715e+00
7.354838709677419040e+00 3.633521744795717989e-01 4.035082008134970089e+00
7.372434017595308475e+00 3.637609868709520411e-01 4.039382934242878420e+00
7.390029325513197023e+00 3.641752909540429961e-01 4.043746667361298286e+00
7.407624633431084682e+00 3.645963565137890217e-01 4.048186817899567025e+00
7.425219941348973229e+00 3.650253888992910367e-01 4.052716383529487487e+00
7.442815249266862665e+00 3.654634699529868413e-01 4.057347123380847798e+00
7.460410557184751212e+00 3.659115111978181734e-01 4.062089057512609180e+00
7.478005865102639760e+00 3.663702244095250471e-01 4.066950146688324885e+00
7.495601173020527419e+00 3.668401128184822224e-01 4.071936188126235479e+00
7.513196480938415966e+00 3.673214839418336708e-01 4.077050939575306288e+00
7.530791788856305402e+00 3.678144826837320136e-01 4.082296459267575450e+00
7.548387096774193061e+00 3.683191411144416949e-01 4.087673625658506893e+00
7.565982404692082497e+00 3.688354394902428335e-01 4.093182780936952092e+00
7.583577712609971044e+00 3.693633718097354968e-01 4.098824428257431762e+00
7.601173020527858704e+00 3.699030086620388458e-01 4.104599906121512376e+00
7.618768328445748139e+00 3.704545503750855673e-01 4.110511965134376666e+00
7.636363636363635798e+00 3.710183644975115214e-01 4.116565182407754264e+00
7.653958944281525234e+00 3.715950033395418184e-01 4.122766166174354652e+00
7.671554252199413781e+00 3.721851994741883218e-01 4.129123525883771961e+00
7.689149560117301441e+00 3.727898395214159777e-01 4.135647608689220434e+00
7.706744868035190876e+00 3.734099189365617244e-01 4.142350028971317322e+00
7.724340175953080312e+00 3.740464826335073156e-01 4.149243040515242953e+00
7.741935483870967971e+00 3.747005578583773588e-01 4.156338818605828322e+00
7.759530791788856519e+00 3.753730866153473511e-01 4.163648729681828087e+00
7.777126099706744178e+00 3.760648650341889554e-01 4.171182668150769324e+00
7.794721407624633613e+00 3.767764963495095487e-01 4.178948533293923795e+00
7.812316715542523049e+00 3.775083627111992524e-01 4.186951904587260742e+00
7.829912023460410708e+00 3.782606190196846629e-01 4.195195952761973324e+00
7.847507331378299256e+00 3.790332095947228641e-01 4.203681598723625790e+00
7.865102639296186915e+00 3.798259059977600050e-01 4.212407905679630638e+00
7.882697947214076351e+00 3.806383620031398296e-01 4.221372664316164425e+00
7.900293255131965786e+00 3.814701798055425419e-01 4.230573109353837680e+00
7.917888563049853445e+00 3.823209802718680050e-01 4.240006690674370304e+00
7.935483870967741993e+00 3.831904695420964013e-01 4.249671815200205316e+00
7.953079178885629652e+00 3.840784946207503325e-01 4.259568477753738591e+00
7.970674486803519088e+00 3.849850817513625345e-01 4.269698710172195710e+00
7.988269794721408523e+00 3.859104532134099430e-01 4.280066796959794750e+00
8.005865102639296182e+00 3.868550205264769115e-01 4.290679230741599071e+00
8.023460410557184730e+00 3.878193546341279774e-01 4.301544409055241935e+00
8.041055718475073277e+00 3.888041361836160892e-01 4.312672102465354484e+00
8.058651026392961825e+00 3.898100912347869373e-01 4.324072749458263587e+00
8.076246334310850372e+00 3.908379193748673930e-01 4.335756653227967661e+00
8.093841642228738920e+00 3.918882221022090828e-01 4.347733167107464602e+00
8.111436950146627467e+00 3.929614393715070708e-01 4.360009957715567985e+00
8.129032258064516014e+00 3.940578013596874318e-01 4.372592427576268648e+00
8.146627565982404562e+00 3.951773009024371897e-01 4.385483362739066138e+00
8.164222873900293109e+00 3.963196898367777332e-01 4.398682847437330068e+00
8.181818181818181657e+00 3.974844998997340006e-01 4.412188459469228441e+00
8.199413489736070204e+00 3.986710861532238304e-01 4.425995729709524262e+00
8.217008797653960528e+00 3.998786884189931556e-01 4.440098820136924473e+00
8.234604105571847299e+00 4.011065041867169501e-01 4.454491350116578374e+00
8.252199413489735846e+00 4.023537651294605277e-01 4.469167283161694648e+00
8.269794721407624394e+00 4.036198088792404826e-01 4.484121778093114408e+00
8.287390029325512941e+00 4.049041381473652557e-01 4.499351910571031787e+00
8.304985337243401489e+00 4.062064605852781507e-01 4.514857183427126053e+00
8.322580645161290036e+00 4.075267048391112423e-01 4.530639765955691622e+00
8.340175953079178583e+00 4.088650108350653789e-01 4.546704431106995514e+00
8.357771260997067131e+00 4.102216951613493756e-01 4.563058192292951176e+00
8.375366568914955678e+00 4.115971951719478716e-01 4.579709674661256003e+00
8.392961876832846002e+00 4.129919978205908726e-01 4.596668285534203591e+00
8.410557184750732773e+00 4.144065609724995047e-01 4.613943271885984743e+00
8.428152492668621321e+00 4.158412358410599197e-01 4.631542766622729346e+00
8.445747800586509868e+00 4.172961991531077830e-01 4.649472928417715423e+00
8.463343108504398415e+00 4.187714026597845196e-01 4.667737271500767449e+00
8.480938416422286963e+00 4.202665457813410388e-01 4.686336262861773960e+00
8.498533724340175510e+00 4.217810746964650304e-01 4.705267236679424592e+00
8.516129032258064058e+00 4.233142083217310003e-01 4.724524642213724590e+00
8.533724340175954381e+00 4.248649886806372677e-01 4.744100605355039413e+00
8.551319648093841153e+00 4.264323504529250464e-01 4.763985749291380856e+00
8.568914956011731476e+00 4.280152023213454893e-01 4.784170190100551778e+00
8.586510263929618247e+00 4.296125113410733665e-01 4.804644601858456987e+00
8.604105571847506795e+00 4.312233811125971705e-01 4.825401235661180621e+00
8.621700879765397119e+00 4.328471151075047874e-01 4.846434779262867032e+00
8.639296187683283890e+00 4.344832580318242488e-01 4.867742958966957190e+00
8.656891495601172437e+00 4.361316104575190811e-01 4.889326811675927864e+00
8.674486803519060985e+00 4.377922148584050266e-01 4.911190589952719954e+00
8.692082111436949532e+00 4.394653143335721657e-01 4.933341302840827503e+00
8.709677419354839856e+00 4.411512883396398466e-01 4.955787935636829289e+00
8.727272727272726627e+00 4.428505723420755880e-01 4.978540428271601037e+00
8.744868035190616951e+00 4.445635701436804754e-01 5.001608520299085647e+00
8.762463343108503722e+00 4.462905685452067672e-01 5.025000587454885981e+00
8.780058651026392269e+00 4.480316638343225799e-01 5.048722598314681065e+00
8.797653958944282593e+00 4.497867083951719858e-01 5.072777309172624705e+00
8.815249266862169364e+00 4.515552836057695751e-01 5.097163791778483777e+00
8.832844574780057911e+00 4.533367023676808105e-01 5.121877354296977103e+00
8.850439882697948235e+00 4.551300413915084775e-01 5.146909874218446035e+00
8.868035190615835006e+00 4.569342000873626297e-01 5.172250517220680521e+00
8.885630498533725330e+00 4.587479799375045464e-01 5.197886772873555827e+00
8.903225806451612101e+00 4.605701758877676633e-01 5.223805701299862214e+00
8.920821114369502425e+00 4.623996698529779792e-01 5.249995258690969280e+00
8.938416422287390972e+00 4.642355160640782574e-01 5.276445557187887658e+00
8.956011730205277743e+00 4.660770087516031834e-01 5.303149917964353754e+00
8.973607038123168067e+00 4.679237244944116081e-01 5.330105595547229846e+00
8.991202346041054838e+00 4.697755342777168996e-01 5.357314084856271919e+00
9.008797653958943386e+00 4.716325836063564036e-01 5.384780966735569052e+00
9.026392961876833709e+00 4.734952425458531788e-01 5.412515298152225540e+00
9.043988269794720480e+00 4.753640309201093705e-01 5.440528604145236535e+00
9.061583577712610804e+00 4.772395267036127486e-01 5.468833574276105836e+00
9.079178885630497575e+00 4.791222675894663552e-01 5.497442601527158246e+00
9.096774193548387899e+00 4.810126565712002367e-01 5.526366322233642769e+00
9.114369501466276446e+00 4.829108820444550365e-01 5.555612319218913520e+00
9.131964809384163217e+00 4.848168614433751578e-01 5.585184136173348080e+00
9.149560117302053541e+00 4.867302149304141290e-01 5.615080720693717886e+00
9.167155425219940312e+00 4.886502724206467363e-01 5.645296369240394796e+00
9.184750733137828860e+00 4.905761135870109202e-01 5.675821193983942692e+00
9.202346041055719184e+00 4.925066368518233317e-01 5.706642074565344558e+00
9.219941348973605955e+00 4.944406501188374770e-01 5.737744003199146015e+00
9.237536656891496278e+00 4.963769735016796969e-01 5.769111685329489703e+00
9.255131964809384826e+00 4.983145428456419723e-01 5.800731225580077144e+00
9.272727272727273373e+00 5.002525026009911890e-01 5.832591714166528440e+00
9.290322580645161921e+00 5.021902776351285791e-01 5.864686534587569611e+00
9.307917888563048692e+00 5.041276157747772713e-01 5.897014239396292545e+00
9.325513196480939015e+00 5.060645960190609527e-01 5.929578884917188653e+00
9.343108504398827563e+00 5.080016011187752367e-01 5.962389773437940299e+00
9.360703812316714334e+00 5.099392571607190838e-01 5.995460616423997635e+00
9.378299120234604658e+00 5.118783464870405586e-01 6.028808197412844017e+00
9.395894428152491429e+00 5.138197033016635995e-01 6.062450671028567939e+00
9.413489736070381753e+00 5.157641033269361186e-01 6.096405678366941139e+00
9.431085043988270300e+00 5.177121596440219520e-01 6.130688483721035809e+00
9.448680351906158847e+00 5.196642362883902022e-01 6.165310340233615349e+00
9.466275659824047395e+00 5.216203893307334027e-01 6.200277271937419954e+00
9.483870967741934166e+00 5.235803422467149026e-01 6.235589418556154229e+00
9.501466275659824490e+00 5.255434986755113114e-01 6.271241031351286743e+00
9.519061583577713037e+00 5.275089915824718867e-01 6.307221139012600730e+00
9.536656891495599808e+00 5.294757638147997714e-01 6.343514829195495253e+00
9.554252199413490132e+00 5.314426715107246624e-01 6.380105021575814384e+00
9.571847507331378679e+00 5.334085991865895604e-01 6.416974549950199780e+00
9.589442815249267227e+00 5.353725738874222095e-01 6.454108330822434070e+00
9.607038123167155774e+00 5.373338657256041540e-01 6.491495379308502400e+00
9.624633431085044322e+00 5.392920634795909107e-01 6.529130442888051888e+00
9.642228739002932869e+00 5.412471165532721784e-01 6.567015059456881687e+00
9.659824046920821417e+00 5.431993382304199924e-01 6.605157905111233241e+00
9.677419354838709964e+00 5.451493694022074843e-01 6.643574373067519190e+00
9.695014662756598511e+00 5.470981063277575718e-01 6.682285409802830145e+00
9.712609970674485282e+00 5.490466000162842475e-01 6.721315718362228075e+00
9.730205278592375606e+00 5.509959380401258100e-01 6.760691512229205280e+00
9.747800586510264154e+00 5.529471216363054387e-01 6.800438057719260243e+00
9.765395894428152701e+00 5.549009515967826545e-01 6.840577272162728484e+00
9.782991202346041248e+00 5.568579356065986863e-01 6.881125645605044028e+00
9.800586510263929796e+00 5.588182274491085844e-01 6.922092724882856096e+00
9.818181818181818343e+00 5.607816050942868724e-01 6.963480343326339472e+00
9.835777126099706891e+00 5.627474904804897760e-01 7.005282702355560609e+00
9.853372434017595438e+00 5.647150092409923827e-01 7.047487320525466892e+00
9.870967741935483986e+00 5.666830842050858408e-01 7.090076770379233118e+00
9.888563049853370757e+00 5.686505527031059382e-01 7.133031033858666881e+00
9.906158357771261080e+00 5.706162949508277737e-01 7.176330232943188392e+00
9.923753665689149628e+00 5.725793594019944477e-01 7.219957442462308528e+00
9.941348973607038175e+00 5.745390711152871255e-01 7.263901273259530278e+00
9.958944281524926723e+00 5.764951108930419510e-01 7.308157929544247366e+00
9.976539589442815270e+00 5.784475560469379829e-01 7.352732493968502148e+00
9.994134897360703818e+00 5.803968778033796738e-01 7.397639273261998660e+00
1.001173020527859236e+01 5.823438951236707961e-01 7.442901137951071000e+00
1.002932551319648091e+01 5.842896895513871591e-01 7.488547900726171491e+00
1.004692082111436946e+01 5.862354900683814929e-01 7.534613886858606335e+00
1.006451612903225801e+01 5.881825403484685078e-01 7.581134944212942983e+00
1.008211143695014655e+01 5.901319628592643918e-01 7.628145208999009164e+00
1.009970674486803510e+01 5.920846347430396284e-01 7.675673978455381352e+00
1.011730205278592365e+01 5.940410892474912163e-01 7.723743038869371524e+00
1.013489736070381220e+01 5.960014537958381320e-01 7.772364756449705148e+00
1.015249266862170074e+01 5.979654318661711265e-01 7.821541163280683051e+00
1.017008797653958929e+01 5.999323311079107768e-01 7.871264168094875835e+00
1.018768328445747784e+01 6.019011350651517489e-01 7.921516901993719273e+00
1.020527859237536639e+01 6.038706110469249655e-01 7.972276084606650493e+00
1.022287390029325493e+01 6.058394426121813670e-01 8.023515179648137874e+00
1.024046920821114348e+01 6.078063722793017876e-01 8.075208013369771010e+00
1.025806451612903203e+01 6.097703387612556369e-01 8.127332466496980601e+00
1.027565982404692058e+01 6.117305934398574729e-01 8.179873828466073249e+00
1.029325513196480912e+01 6.136867829093363147e-01 8.232827426525963332e+00
1.031085043988269767e+01 6.156389880313888341e-01 8.286200210825050760e+00
1.032844574780058622e+01 6.175877146663044659e-01 8.340011083799501179e+00
1.034604105571847477e+01 6.195338365602890418e-01 8.394289896908007975e+00
1.036363636363636331e+01 6.214784961844340705e-01 8.449075185145089151e+00
1.038123167155425364e+01 6.234229740390364594e-01 8.504410853092714717e+00
1.039882697947214041e+01 6.253685405254086893e-01 8.560342149040327087e+00
1.041642228739002896e+01 6.273163065412802331e-01 8.616911351751845416e+00
1.043401759530791750e+01 6.292670892414037320e-01 8.674153637527581395e+00
1.045161290322580605e+01 6.312213078843091907e-01 8.732093588019262498e+00
1.046920821114369637e+01 6.331789215171158558e-01 8.790742741818885264e+00
1.048680351906158315e+01 6.351394157681087282e-01 8.850098490307086507e+00
1.050439882697947169e+01 6.371018406971039605e-01 8.910144480295519642e+00
1.052199413489736024e+01 6.390648960642469900e-01 8.970852526015644202e+00
1.053958944281524879e+01 6.410270551207136736e-01 9.032185867002032964e+00
1.055718475073313911e+01 6.429867136768676605e-01 9.094103453829388783e+00
1.057478005865102588e+01 6.449423482540487251e-01 9.156564817756628116e+00
1.059237536656891443e+01 6.468926659237848042e-01 9.219534998474031795e+00
1.060997067448680298e+01 6.488367291470089615e-01 9.282988977868901870e+00
1.062756598240469152e+01 6.507740414989870992e-01 9.346915102859730595e+00
1.064516129032258185e+01 6.527045843454352125e-01 9.411317075802870136e+00
1.066275659824046862e+01 6.546287998739156455e-01 9.476214238172884663e+00
1.068035190615835717e+01 6.565475217949614528e-01 9.541640056824094884e+00
1.069794721407624571e+01 6.584618608487028402e-01 9.607638921751991745e+00
1.071554252199413426e+01 6.603730573300881090e-01 9.674261557067218575e+00
1.073313782991202459e+01 6.622823166059702560e-01 9.741559510559756774e+00
1.075073313782991136e+01 6.641906456161896788e-01 9.809579302808643320e+00
1.076832844574779990e+01 6.660987083988653135e-01 9.878356870817063040e+00
1.078592375366569023e+01 6.680067167451743115e-01 9.947912926934007416e+00
1.080351906158357700e+01 6.699143683742532218e-01 1.001824977184658039e+01
1.082111436950146732e+01 6.718208399176999190e-01 1.008934995796276901e+01
1.083870967741935409e+01 6.737248360575461836e-01 1.016117700984317196e+01
1.085630498533724264e+01 6.756246900060447480e-01 1.023367818964752551e+01
1.087390029325513296e+01 6.775185048147805977e-01 1.030678906960716468e+01
1.089149560117301974e+01 6.794043203805919529e-01 1.038043946402070894e+01
1.090909090909091006e+01 6.812802879995890626e-01 1.045456010386819301e+01
1.092668621700879683e+01 6.831448332678783375e-01 1.052908932897611294e+01
1.094428152492668538e+01 6.849967891897952299e-01 1.060397904159698790e+01
1.096187683284457570e+01 6.868354844489299449e-01 1.067919921922896798e+01
1.097947214076246247e+01 6.886607766090900862e-01 1.075474042159546428e+01
1.099706744868035280e+01 6.904730260233610251e-01 1.083061393450632259e+01
1.101466275659823957e+01 6.922730127751961504e-01 1.090684944985385130e+01
1.103225806451612812e+01 6.940618053223328587e-01 1.098349045732942031e+01
1.104985337243401844e+01 6.958405949467105778e-01 1.106058778751899752e+01
1.106744868035190521e+01 6.976105140178852082e-01 1.113819196692810110e+01
1.108504398826979553e+01 6.993724580137974378e-01 1.121634519741261116e+01
1.110263929618768408e+01 7.011269309909704539e-01 1.129507383766317119e+01
1.112023460410557085e+01 7.028739317784292728e-01 1.137438223469575682e+01
1.113782991202346118e+01 7.046128938412419274e-01 1.145424863049672304e+01
1.115542521994134795e+01 7.063426859812702574e-01 1.153462366413315365e+01
1.117302052785923827e+01 7.080616744289270903e-01 1.161543172184088846e+01
1.119061583577712682e+01 7.097678401380059787e-01 1.169657508249526856e+01
1.120821114369501359e+01 7.114589389548591214e-01 1.177794049389238218e+01
1.122580645161290391e+01 7.131326874700715246e-01 1.185940752950993549e+01
1.124340175953079068e+01 7.147869543282658888e-01 1.194085784881117540e+01
1.126099706744868101e+01 7.164199359353629060e-01 1.202218434592590768e+01
1.127859237536656956e+01 7.180302969933977097e-01 1.210329914318827704e+01
1.129618768328445633e+01 7.196172599827572736e-01 1.218413947742986281e+01
1.131378299120234665e+01 7.211806332193462232e-01 1.226467073367889604e+01
1.133137829912023342e+01 7.227207738417703586e-01 1.234488618336408905e+01
1.134897360703812375e+01 7.242384892839410782e-01 1.242480334920405483e+01
1.136656891495601229e+01 7.257348876513857183e-01 1.250445730428283753e+01
1.138416422287389906e+01 7.272111931700876442e-01 1.258389157256669932e+01
1.140175953079178939e+01 7.286685468650954123e-01 1.266314758936941942e+01
1.141935483870967616e+01 7.301078144041708295e-01 1.274225386864062060e+01
1.143695014662756648e+01 7.315294224088891850e-01 1.282121608738684770e+01
1.145454545454545503e+01 7.329332415573399651e-01 1.290000922811447559e+01
1.147214076246334180e+01 7.343185297977079529e-01 1.297857272395044959e+01
1.148973607038123212e+01 7.356839424952936746e-01 1.305680924666554610e+01
1.150733137829912067e+01 7.370276090404064284e-01 1.313458739434703126e+01
1.152492668621700922e+01 7.383472681325505826e-01 1.321174811037398911e+01
1.154252199413489777e+01 7.396404474203555068e-01 1.328811424195069080e+01
1.156011730205278454e+01 7.409046681382480681e-01 1.336350227074390062e+01
1.157771260997067486e+01 7.421376524159328802e-01 1.343773496494902631e+01
1.159530791788856341e+01 7.433375104058075333e-01 1.351065354965046161e+01
1.161290322580645196e+01 7.445028863765391636e-01 1.358212799681620453e+01
1.163049853372434050e+01 7.456330472727843439e-01 1.365206420623497152e+01
1.164809384164222728e+01 7.467279034850858865e-01 1.372040717185593728e+01
1.166568914956011760e+01 7.477879590265757992e-01 1.378713967074877544e+01
1.168328445747800615e+01 7.488141961414781500e-01 1.385227652303166046e+01
1.170087976539589469e+01 7.498079066911753632e-01 1.391585498871381077e+01
1.171847507331378324e+01 7.507704886486503693e-01 1.397792232792224354e+01
1.173607038123167001e+01 7.517032300063488659e-01 1.403852189838487341e+01
1.175366568914956034e+01 7.526071039219776049e-01 1.409767935724174137e+01
1.177126099706744888e+01 7.534825978230871302e-01 1.415539055136969537e+01
1.178885630498533743e+01 7.543295955856621493e-01 1.421161251993405727e+01
1.180645161290322598e+01 7.551473261851550101e-01 1.426625871212866059e+01
1.182404692082111453e+01 7.559343850043873658e-01 1.431919907504391887e+01
1.184164222873900307e+01 7.566888260443810355e-01 1.437026513654869575e+01
1.185923753665689162e+01 7.574083154740917090e-01 1.441925964984118913e+01
1.187683284457478017e+01 7.580903301203089084e-01 1.446596983867811659e+01
1.189442815249266872e+01 7.587323793970967012e-01 1.451018284463407859e+01
1.191202346041055726e+01 7.593322263883154344e-01 1.455170168423306976e+01
1.192961876832844581e+01 7.598880836702447406e-01 1.459035991664055665e+01
1.194721407624633436e+01 7.603987620488916743e-01 1.462603332474004780e+01
1.196480938416422291e+01 7.608637554363725242e-01 1.465864722150733890e+01
1.198240469208211145e+01 7.612832520642438539e-01 1.468817847945078725e+01
1.200000000000000000e+01 7.616580703588228252e-01 1.471465198748473924e+01
1.201759530791788855e+01 7.619895261713659496e-01 1.473813189225915110e+01
1.203519061583577709e+01 7.622792457172726799e-01 1.475870859736664364e+01
1.205278592375366564e+01 7.625289446667071758e-01 1.477648299671904120e+01
1.207038123167155419e+01 7.627401976606621448e-01 1.479154974680406731e+01
1.208797653958944274e+01 7.629142236771128127e-01 1.480398149960135612e+01
1.210557184750733128e+01 7.630517110211438858e-01 1.481381591393420649e+01
1.212316715542521983e+01 7.631527014469621228e-01 1.482104695380352943e+01
1.214076246334310838e+01 7.632165465064547627e-01 1.482562150500507592e+01
1.215835777126099693e+01 7.632419413510896922e-01 1.482744174882877886e+01
1.217595307917888547e+01 7.632270327369109486e-01 1.482637308671082721e+01
1.219354838709677402e+01 7.631695898074613016e-01 1.482225678010491876e+01
1.221114369501466257e+01 7.630672192445854263e-01 1.481492592346416259e+01
1.222873900293255289e+01 7.629176013554402891e-01 1.480422296762081480e+01
1.224633431085043966e+01 7.627187211807728850e-01 1.479001680667592922e+01
1.226392961876832821e+01 7.624690690739108767e-01 1.477221746531313329e+01
1.228152492668621676e+01 7.621677884093777111e-01 1.475078668086549349e+01
1.229912023460410531e+01 7.618147538102925109e-01 1.472574314125441930e+01
1.231671554252199563e+01 7.614105709142880984e-01 1.469716176234998528e+01
1.233431085043988240e+01 7.609564973792520837e-01 1.466516708928237733e+01
1.235190615835777095e+01 7.604542935832205863e-01 1.462992159638287326e+01
1.236950146627565950e+01 7.599060193044052669e-01 1.459161025189664507e+01
1.238709677419354804e+01 7.593137986943294671e-01 1.455042313384876174e+01
1.240469208211143837e+01 7.586795794061337306e-01 1.450653808517865961e+01
1.242228739002932514e+01 7.580049124266897698e-01 1.446010536267897706e+01
1.243988269794721369e+01 7.572907769229973995e-01 1.441123597816616986e+01
1.245747800586510223e+01 7.565374695085417267e-01 1.435999498907814775e+01
1.247507331378299078e+01 7.557445703072418475e-01 1.430640042422301761e+01
1.249266862170088110e+01 7.549109898033053989e-01 1.425042789333553372e+01
1.251026392961876788e+01 7.540350916181713936e-01 1.419202029463075654e+01
1.252785923753665642e+01 7.531148780017425937e-01 1.413110146894647912e+01
1.254545454545454497e+01 7.521482178708642774e-01 1.406759221219442502e+01
1.256304985337243352e+01 7.511330924411698806e-01 1.400142679813057711e+01
1.258064516129032384e+01 7.500678314279681791e-01 1.393256811281083962e+01
1.259824046920821061e+01 7.489513136966293727e-01 1.386101967024010584e+01
1.261583577712609916e+01 7.477831100585154989e-01 1.378683314980807495e+01
1.263343108504398948e+01 7.465635522352378484e-01 1.371011062761228771e+01
1.265102639296187625e+01 7.452937201609277640e-01 1.363100130089133266e+01
1.266862170087976658e+01 7.439753488438337614e-01 1.354969314837214611e+01
1.268621700879765335e+01 7.426106649425230355e-01 1.346640054829848765e+01
1.270381231671554190e+01 7.412021710137547403e-01 1.338134931922810544e+01
1.272140762463343222e+01 7.397524011819429646e-01 1.329476090632247853e+01
1.273900293255131899e+01 7.382636751248177198e-01 1.320683748468997365e+01
1.275659824046920932e+01 7.367378774343807946e-01 1.311774959609463487e+01
1.277419354838709609e+01 7.351762866011586350e-01 1.302762760483100557e+01
1.279178885630498463e+01 7.335794724118513965e-01 1.293655779895411584e+01
1.280938416422287496e+01 7.319472730537139871e-01 1.284458343030243910e+01
1.282697947214076173e+01 7.302788544995467701e-01 1.275171043977474206e+01
1.284457478005865205e+01 7.285728457429135885e-01 1.265791710968136741e+01
1.286217008797653882e+01 7.268275351317260435e-01 1.256316647308905488e+01
1.287976539589442737e+01 7.250411063087597308e-01 1.246742003180249370e+01
1.289736070381231769e+01 7.232118878523217109e-01 1.237065121837310855e+01
1.291495601173020447e+01 7.213385891231901548e-01 1.227285709592337781e+01
1.293255131964809479e+01 7.194204962663640623e-01 1.217406701660093837e+01
1.295014662756598156e+01 7.174576066589981593e-01 1.207434732959219659e+01
1.296774193548387011e+01 7.154506868746646209e-01 1.197380169886385026e+01
1.298533724340176043e+01 7.134012477003178754e-01 1.187256710196370157e+01
1.300293255131964720e+01 7.113114389419874506e-01 1.177080607131484413e+01
1.302052785923753753e+01 7.091838756453963111e-01 1.166869614916770459e+01
1.303812316715542607e+01 7.070214149316688124e-01 1.156641780977579081e+01
1.305571847507331285e+01 7.048269080598157377e-01 1.146414222934789606e+01
1.307331378299120317e+01 7.026029549877855773e-01 1.136202024927957765e+01
1.309090909090908994e+01 7.003516883437305163e-01 1.126017369478338459e+01
1.310850439882698026e+01 6.980746104098882743e-01 1.115868990911590863e+01
1.312609970674486881e+01 6.957725008528585775e-01 1.105761998318655515e+01
1.314369501466275558e+01 6.934454051622823689e-01 1.095698074591808791e+01
1.316129032258064591e+01 6.910927049318548177e-01 1.085676017635027080e+01
1.317888563049853268e+01 6.887132621800030607e-01 1.075692554413421398e+01
1.319648093841642300e+01 6.863056218189832469e-01 1.065743331432119412e+01
1.321407624633431155e+01 6.838682500113164586e-01 1.055823969035133914e+01
1.323167155425219832e+01 6.813997821988553305e-01 1.045931063081264512e+01
1.324926686217008864e+01 6.788992535005839990e-01 1.036063026380707974e+01
1.326686217008797541e+01 6.763662860941418442e-01 1.026220682736155076e+01
1.328445747800586574e+01 6.738012129332129341e-01 1.016407556169591686e+01
1.330205278592375429e+01 6.712051241965959480e-01 1.006629833437140675e+01
1.331964809384164106e+01 6.685798314310396062e-01 9.968960150010243382e+00
1.333724340175953138e+01 6.659277534709817647e-01 9.872163038215486353e+00
1.335483870967741993e+01 6.632517368600595598e-01 9.776018086899950887e+00
1.337243401759530848e+01 6.605548306860682395e-01 9.680636563920607784e+00
1.339002932551319702e+01 6.578400406762335839e-01 9.586121132064993944e+00
1.340762463343108379e+01 6.551100895556575265e-01 9.492558110370906022e+00
1.342521994134897412e+01 6.523672098437570677e-01 9.400011581371119362e+00
1.344281524926686266e+01 6.496129915814210509e-01 9.308519912380058159e+00
1.346041055718475121e+01 6.468483013799535275e-01 9.218094978778490045e+00
1.347800586510263976e+01 6.440732813452958450e-01 9.128724080082747605e+00
1.349560117302052653e+01 6.412874277085249819e-01 9.040374255994992225e+00
1.351319648093841685e+01 6.384897403210891831e-01 8.952998466953955514e+00
1.353079178885630540e+01 6.356789264716312671e-01 8.866542924182544638e+00
1.354838709677419395e+01 6.328536365774903860e-01 8.780954754039274945e+00
1.356598240469208250e+01 6.300127058375292188e-01 8.696189169224053828e+00
1.358357771260996927e+01 6.271553752971539275e-01 8.612215395395505624e+00
1.360117302052785959e+01 6.242814680588615328e-01 8.529020757137278252e+00
1.361876832844574814e+01 6.213915013397528497e-01 8.446612544294859859e+00
1.363636363636363669e+01 6.184867221889841504e-01 8.365017533385124437e+00
1.365395894428152523e+01 6.155690631396112389e-01 8.284279299460697743e+00
1.367155425219941201e+01 6.126410229235765836e-01 8.204453691175627839e+00
1.368914956011730233e+01 6.097054856230204045e-01 8.125603029089839779e+00
1.370674486803519088e+01 6.067654983393397927e-01 8.047789704873201444e+00
1.372434017595307942e+01 6.038240318959526842e-01 7.971069896966495705e+00
1.374193548387096797e+01 6.008837507871080952e-01 7.895488076555622570e+00
1.375953079178885652e+01 5.979468173956149490e-01 7.821072865702092258e+00
1.377712609970674507e+01 5.950147516006972781e-01 7.747834643417887968e+00
1.379472140762463361e+01 5.920883607439485496e-01 7.675765095871257770e+00
1.381231671554252216e+01 5.891677472033578500e-01 7.604838695819907457e+00
1.382991202346041071e+01 5.862523923781847168e-01 7.535015895228207583e+00
1.384750733137829926e+01 5.833413076095597116e-01 7.466247643020745173e+00
1.386510263929618780e+01 5.804332353284141766e-01 7.398480712829095474e+00
1.388269794721407635e+01 5.775268783028285613e-01 7.331663254824539955e+00
1.390029325513196490e+01 5.746211318369349730e-01 7.265749977488595412e+00
1.391788856304985345e+01 5.717152934926705843e-01 7.200706419685797499e+00
1.393548387096774199e+01 5.688092274121628877e-01 7.136511884480265522e+00
1.395307917888563054e+01 5.659034653516431534e-01 7.073160761322366596e+00
1.397067448680351909e+01 5.629992335485077826e-01 7.010662144893802683e+00
1.398826979472140764e+01 5.600984027471825888e-01 6.949037846129768603e+00
1.400586510263929618e+01 5.572033671820156853e-01 6.888319062327347808e+00
1.402346041055718473e+01 5.543168660960466898e-01 6.828542109628124024e+00
1.404105571847507328e+01 5.514417675974045974e-01 6.769743708415345118e+00
1.405865102639296182e+01 5.485808386376398449e-01 6.711956342563326849e+00
1.407624633431085215e+01 5.457365262324884725e-01 6.655204186586098025e+00
1.409384164222873892e+01 5.429107736291064468e-01 6.599500016511828271e+00
1.411143695014662747e+01 5.401048911546257880e-01 6.544843401862702414e+00
1.412903225806451601e+01 5.373194954258830869e-01 6.491220331797737941e+00
1.414662756598240456e+01 5.345545231302930578e-01 6.438604274005381711e+00
1.416422287390029311e+01 5.318093175074286583e-01 6.386958515949934245e+00
1.418181818181818166e+01 5.290827778219443500e-01 6.336239508824601963e+00
1.419941348973607020e+01 5.263735553448147808e-01 6.286400837069352043e+00
1.421700879765395875e+01 5.236802743665198712e-01 6.237397379543419440e+00
1.423460410557184730e+01 5.210017540909556155e-01 6.189189217641247964e+00
1.425219941348973762e+01 5.183372072041071421e-01 6.141744881672936529e+00
1.426979472140762439e+01 5.156863934999869059e-01 6.095043605763608596e+00
1.428739002932551294e+01 5.130497119109808102e-01 6.049076374731295225e+00
1.430498533724340149e+01 5.104282210890208615e-01 6.003845681182107263e+00
1.432258064516129004e+01 5.078235865612634736e-01 5.959364052107922305e+00
1.434017595307917858e+01 5.052379605506949201e-01 5.915651535522852278e+00
1.435777126099706713e+01 5.026738079001809023e-01 5.872732444528678819e+00
1.437536656891495568e+01 5.001336973490987381e-01 5.830631727388468910e+00
1.439296187683284423e+01 4.976200810562498300e-01 5.789371361167773955e+00
1.441055718475073277e+01 4.951350863704607197e-01 5.748967151945666210e+00
1.442815249266862310e+01 4.926803423432953855e-01 5.709426270139897674e+00
1.444574780058650987e+01 4.902568595626694559e-01 5.670745762737665174e+00
1.446334310850439842e+01 4.878649760188435436e-01 5.632912175544154465e+00
1.448093841642228874e+01 4.855043745403708200e-01 5.595902299702360416e+00
1.449853372434017551e+01 4.831741696214044701e-01 5.559684939696151851e+00
1.451612903225806406e+01 4.808730540116827878e-01 5.524223496127099509e+00
1.453372434017595261e+01 4.785994890323492235e-01 5.489479075573418854e+00
1.455131964809384115e+01 4.763519178893768080e-01 5.455413789509691469e+00
1.456891495601173148e+01 4.741289787871804107e-01 5.421993889510387632e+00
1.458651026392961825e+01 4.719296946794117043e-01 5.389192408339718021e+00
1.460410557184750857e+01 4.697536190501425679e-01 5.356991033827556592e+00
1.462170087976539534e+01 4.676009219361548230e-01 5.325381028564773800e+00
1.463929618768328389e+01 4.654724069602231840e-01 5.294363113943660437e+00
1.465689149560117421e+01 4.633694577184414576e-01 5.263946350029484300e+00
1.467448680351906098e+01 4.612939196019493204e-01 5.234146150374520801e+00
1.469208211143694953e+01 4.592479301641654299e-01 5.204981661122845438e+00
1.470967741935483808e+01 4.572337166887854298e-01 5.176472796943131449e+00
1.472727272727272663e+01 4.552533830714790009e-01 5.148637256314110289e+00
1.474486803519061695e+01 4.533087091498584908e-01 5.121487833444994031e+00
1.476246334310850372e+01 4.514009841298757819e-01 5.095030305609393295e+00
1.478005865102639405e+01 4.495308919622830190e-01 5.069262108259942501e+00
1.479765395894428082e+01 4.476984608571742408e-01 5.044171923800530699e+00
1.481524926686216936e+01 4.459030822039769526e-01 5.019740212591260686e+00
1.483284457478005969e+01 4.441435967186950773e-01 4.995940616456111094e+00
1.485043988269794646e+01 4.424184384425989824e-01 4.972742075206559420e+00
1.486803519061583501e+01 4.407258210128123244e-01 4.950111424122654924e+00
1.488563049853372533e+01 4.390639460680653139e-01 4.928016192069156531e+00
1.490322580645161210e+01 4.374312112358760274e-01 4.906427300930947588e+00
1.492082111436950242e+01 4.358263951523552171e-01 4.885321379571401224e+00
1.493841642228738920e+01 4.342487994208243385e-01 4.864682448586359342e+00
1.495601173020527952e+01 4.326983320782979980e-01 4.844502801395055513e+00
1.497360703812316807e+01 4.311755235131863317e-01 4.824782995216939874e+00
1.499120234604105484e+01 4.296814731614681526e-01 4.805530962408562701e+00
1.500879765395894339e+01 4.282177328738470123e-01 4.786760347476469057e+00
1.502639296187683193e+01 4.267861397457707318e-01 4.768488257186807466e+00
1.504398826979472048e+01 4.253886166659719970e-01 4.750732671555702780e+00
1.506158357771261080e+01 4.240269622776745573e-01 4.733509796009864878e+00
1.507917888563049935e+01 4.227026531071704230e-01 4.716831636932653282e+00
1.509677419354838612e+01 4.214166792176495258e-01 4.700704054965517464e+00
1.511436950146627467e+01 4.201694310756355355e-01 4.685125496679334312e+00
1.513196480938416499e+01 4.189606497898645809e-01 4.670086531815419661e+00
1.514956011730205354e+01 4.177894460916899422e-01 4.655570238009086204e+00
1.516715542521994209e+01 4.166543860809077127e-01 4.641553386309364981e+00
1.518475073313782886e+01 4.155536346184847130e-01 4.628008297547649086e+00
1.520234604105571741e+01 4.144851410459372554e-01 4.614905169809152774e+00
1.521994134897360595e+01 4.134468473040888159e-01 4.602214627947120107e+00
1.523753665689149628e+01 4.124368960161768349e-01 4.589910222527236350e+00
1.525513196480938483e+01 4.114538159919952087e-01 4.577970610730001333e+00
1.527272727272727160e+01 4.104966649506923138e-01 4.566381185591259495e+00
1.529032258064516014e+01 4.095651138299195582e-01 4.555134979361153746e+00
1.530791788856305047e+01 4.086594633691992828e-01 4.544232745475209612e+00
1.532551319648093902e+01 4.077805910338794804e-01 4.533682212950925994e+00
1.534310850439882756e+01 4.069298339576208345e-01 4.523496596820417714e+00
1.536070381231671433e+01 4.061088205705191689e-01 4.513692528291235462e+00
1.537829912023460288e+01 4.053192691662574343e-01 4.504287629781477342e+00
1.539589442815249143e+01 4.045627752361867779e-01 4.495297996316729439e+00
1.541348973607038175e+01 4.038406105903717958e-01 4.486735852626785537e+00
1.543108504398827030e+01 4.031535559952098557e-01 4.478607634539023330e+00
1.544868035190616062e+01 4.025017854519325478e-01 4.470912696836776945e+00
1.546627565982404562e+01 4.018848147225738687e-01 4.463642782945411724e+00
1.548387096774193594e+01 4.013015198653723248e-01 4.456782311628091797e+00
1.550146627565982449e+01 4.007502240791642190e-01 4.450309450330624195e+00
1.551906158357771304e+01 4.002288438402243353e-01 4.444197862262560861e+00
1.553665689149560336e+01 3.997350789019009643e-01 4.438418942891892982e+00
1.555425219941348836e+01 3.992666258954017944e-01 4.432944308567916103e+00
1.557184750733137690e+01 3.988213925578150687e-01 4.427748271336267472e+00
1.558944281524926723e+01 3.983976893511687045e-01 4.422810033318299361e+00
1.560703812316715577e+01 3.979943775041461240e-01 4.418115362174900085e+00
1.562463343108504610e+01 3.976109571038655144e-01 4.413657563802807715e+00
1.564222873900293109e+01 3.972475853141857471e-01 4.409437643946263030e+00
1.565982404692082142e+01 3.969050223969850522e-01 4.405463638563701601e+00
1.567741935483870996e+01 3.965845111131132139e-01 4.401749183548018252e+00
1.569501466275659851e+01 3.962876023892641375e-01 4.398311477366570799e+00
1.571260997067448884e+01 3.960159460342652094e-01 4.395168855974173283e+00
1.573020527859237383e+01 3.957710691259956337e-01 4.392338240835324648e+00
1.574780058651026238e+01 3.955541660628693612e-01 4.389832733943275223e+00
1.576539589442815270e+01 3.953659230590733098e-01 4.387659617549015678e+00
1.578299120234604125e+01 3.952063962146469822e-01 4.385818973194399284e+00
1.580058651026393157e+01 3.950749566126590673e-01 4.384303069451545909e+00
1.581818181818181657e+01 3.949703087837751481e-01 4.383096587270133071e+00
1.583577712609970689e+01 3.948905810640632730e-01 4.382177664005319606e+00
1.585337243401759544e+01 3.948334786546082720e-01 4.381519650638469265e+00
1.587096774193548399e+01 3.947964833678445640e-01 4.381093399986971448e+00
1.588856304985337431e+01 3.947770788444063816e-01 4.380869844823052972e+00
1.590615835777125930e+01 3.947729770291981688e-01 4.380822590404500616e+00
1.592375366568914785e+01 3.947823212826152006e-01 4.380930240488618566e+00
1.594134897360703818e+01 3.948038437791311361e-01 4.381178201057287502e+00
1.595894428152492672e+01 3.948369596201053433e-01 4.381559759920008901e+00
1.597653958944281705e+01 3.948817868732674707e-01 4.382076317727197967e+00
1.599413489736070204e+01 3.949390898088864787e-01 4.382736738256747699e+00
1.601173020527859236e+01 3.950101510291860185e-01 4.383555882606937182e+00
1.602932551319647914e+01 3.950965860263565554e-01 4.384552481927090462e+00
1.604692082111436946e+01 3.952001200702407457e-01 4.385746576232095961e+00
1.606451612903225978e+01 3.953223515135209087e-01 4.387156794602440790e+00
1.608211143695014655e+01 3.954645271648647986e-01 4.388797769770795831e+00
1.609970674486803333e+01 3.956273541715940034e-01 4.390677966350530426e+00
1.611730205278592365e+01 3.958108690277076791e-01 4.392798158785468310e+00
1.613489736070381397e+01 3.960143782969805515e-01 4.395150727301284199e+00
1.615249266862170074e+01 3.962364780468490277e-01 4.397719854722327959e+00
1.617008797653959107e+01 3.964751506033578066e-01 4.400482612401188653e+00
1.618768328445747784e+01 3.967279289164049039e-01 4.403410828934050336e+00
1.620527859237536461e+01 3.969921114289632347e-01 4.406473550223558355e+00
1.622287390029325493e+01 3.972650046666529322e-01 4.409639832744923993e+00
1.624046920821114526e+01 3.975441674492090627e-01 4.412881571201842767e+00
1.625806451612903203e+01 3.978276300970441937e-01 4.416176052579661615e+00
1.627565982404691880e+01 3.981140643957655767e-01 4.419507953184043991e+00
1.629325513196480912e+01 3.984028851985140229e-01 4.422870552103070452e+00
1.631085043988269945e+01 3.986942718698067711e-01 4.426266018090029064e+00
1.632844574780058622e+01 3.989891065074258059e-01 4.429704727999570046e+00
1.634604105571847654e+01 3.992888350369060424e-01 4.433203681991987999e+00
1.636363636363636331e+01 3.995952658107307376e-01 4.436784181210558842e+00
1.638123167155425008e+01 3.999103272915794371e-01 4.440469015878406367e+00
1.639882697947214041e+01 4.002358109810603137e-01 4.444279466521853905e+00
1.641642228739003073e+01 4.005731274820416021e-01 4.448232442590943414e+00
1.643401759530792106e+01 4.009231022919271248e-01 4.452338069351347016e+00
1.645161290322580427e+01 4.012858337782289619e-01 4.456597987553995388e+00
1.646920821114369460e+01 4.016606292411712409e-01 4.461004556260498966e+00
1.648680351906158492e+01 4.020460267032168744e-01 4.465541054917509634e+00
1.650439882697947169e+01 4.024399009270164251e-01 4.470182875613470053e+00
1.652199413489736202e+01 4.028396430825019747e-01 4.474899590668233174e+00
1.653958944281524879e+01 4.032423953994605514e-01 4.479657684837246912e+00
1.655718475073313556e+01 4.036453159248497569e-01 4.484423665610630216e+00
1.657478005865102588e+01 4.040458448647419876e-01 4.489167218128124581e+00
1.659237536656891621e+01 4.044419433998615587e-01 4.493864059507856723e+00
1.660997067448680298e+01 4.048322784754343484e-01 4.498498173778477494e+00
1.662756598240468975e+01 4.052163326739596227e-01 4.503063171640535600e+00
1.664516129032258007e+01 4.055944263147920892e-01 4.507562612846446548e+00
1.666275659824047040e+01 4.059676485082865383e-01 4.512009242781349627e+00
1.668035190615835717e+01 4.063377039383598843e-01 4.516423215618559972e+00
1.669794721407624749e+01 4.067066915034823760e-01 4.520829489923285038e+00
1.671554252199413426e+01 4.070768385422158242e-01 4.525254675456766407e+00
1.673313782991202103e+01 4.074502193578377618e-01 4.529723671707851729e+00
1.675073313782991136e+01 4.078284886027841449e-01 4.534256462876384397e+00
1.676832844574780168e+01 4.082126586184910422e-01 4.538865418736262036e+00
1.678592375366569200e+01 4.086029452359307146e-01 4.543553398348226580e+00
1.680351906158357522e+01 4.089986993318226460e-01 4.548312869925199564e+00
1.682111436950146555e+01 4.093984323567578243e-01 4.553126153877217419e+00
1.683870967741935587e+01 4.097999340309974037e-01 4.557966777630292121e+00
1.685630498533724264e+01 4.102004704590208051e-01 4.562801811720869516e+00
1.687390029325513296e+01 4.105970420735096105e-01 4.567594948786068976e+00
1.689149560117301974e+01 4.109866740352182690e-01 4.572310001840189209e+00
1.690909090909090651e+01 4.113667077668963223e-01 4.576914445617303429e+00
1.692668621700879683e+01 4.117350617042584981e-01 4.581382612067888438e+00
1.694428152492668715e+01 4.120904322720115309e-01 4.585698181610308843e+00
1.696187683284457393e+01 4.124324123086709482e-01 4.589855683782704254e+00
1.697947214076246425e+01 4.127615130378825548e-01 4.593860827470422237e+00
1.699706744868035102e+01 4.130790862402710650e-01 4.597729610036100922e+00
1.701466275659824134e+01 4.133871543162550566e-01 4.601486291269214490e+00
1.703225806451612812e+01 4.136881661725526627e-01 4.605160445736744990e+00
1.704985337243401844e+01 4.139847051394305311e-01 4.608783410762476329e+00
1.706744868035190876e+01 4.142791805062328025e-01 4.612384515138615804e+00
1.708504398826979198e+01 4.145735361787649675e-01 4.615987498780278919e+00
1.710263929618768231e+01 4.148690082439387417e-01 4.619607514063390319e+00
1.712023460410557263e+01 4.151659580992630438e-01 4.623249038592434523e+00
1.713782991202346295e+01 4.154637998335179438e-01 4.626904933626187599e+00
1.715542521994134972e+01 4.157610305634227843e-01 4.630556762231897494e+00
1.717302052785923649e+01 4.160553614554868829e-01 4.634176348233428833e+00
1.719061583577712682e+01 4.163439363032093166e-01 4.637728424020753693e+00
1.720821114369501359e+01 4.166236149072898298e-01 4.641174095504518426e+00
1.722580645161290391e+01 4.168912911552263845e-01 4.644474758627112898e+00
1.724340175953079424e+01 4.171442114644310917e-01 4.647596044935925264e+00
1.726099706744867746e+01 4.173802586993837216e-01 4.650511361823811640e+00
1.727859237536656778e+01 4.175981699751987186e-01 4.653204629656959135e+00
1.729618768328445810e+01 4.177976636561485657e-01 4.655671900996495971e+00
1.731378299120234487e+01 4.179794606438736460e-01 4.657921668241870705e+00
1.733137829912023520e+01 4.181451966445930979e-01 4.659973811618924877e+00
1.734897360703812197e+01 4.182972341790499038e-01 4.661857292166435407e+00
1.736656891495601229e+01 4.184383942530887079e-01 4.663606835769318337e+00
1.738416422287389906e+01 4.185716365578555087e-01 4.665258967518048472e+00
1.740175953079178939e+01 4.186997228170699636e-01 4.666847827950075356e+00
1.741935483870967971e+01 4.188248998413119928e-01 4.668401226777288748e+00
1.743695014662756293e+01 4.189486368258036331e-01 4.669937364171399707e+00
1.745454545454545325e+01 4.190714457089568801e-01 4.671462578611997429e+00
1.747214076246334358e+01 4.191928046298184496e-01 4.672970371975186943e+00
1.748973607038123390e+01 4.193111936041166166e-01 4.674441828246216346e+00
1.750733137829912067e+01 4.194242395869299811e-01 4.675847395091778935e+00
1.752492668621700744e+01 4.195289563109993458e-01 4.677149851678509052e+00
1.754252199413489777e+01 4.196220538906410003e-01 4.678308155934235657e+00
1.756011730205278454e+01 4.197002852778441984e-01 4.679281763679805195e+00
1.757771260997067486e+01 4.197607921621387406e-01 4.680034952627707412e+00
1.759530791788856519e+01 4.198014124186773555e-01 4.680540674702420745e+00
1.761290322580644840e+01 4.198209149142224650e-01 4.680783504018614316e+00
1.763049853372433873e+01 4.198191350824160284e-01 4.680761342364115229e+00
1.764809384164222905e+01 4.197969953998699766e-01 4.680485679653206610e+00
1.766568914956011582e+01 4.197564075412619222e-01 4.679980368032046201e+00
1.768328445747800615e+01 4.197000661091775942e-01 4.679279035735361525e+00
1.770087976539589647e+01 4.196311558934001651e-01 4.678421419972489836e+00
1.771847507331378324e+01 4.195530042257835657e-01 4.677449018784058943e+00
1.773607038123167001e+01 4.194687160895385625e-01 4.676400536415703080e+00
1.775366568914956034e+01 4.193808315852091129e-01 4.675307618069360238e+00
1.777126099706745066e+01 4.192910430061169702e-01 4.674191337283465586e+00
1.778885630498533743e+01 4.192000024530428415e-01 4.673059817844504416e+00
1.780645161290322420e+01 4.191072413323820856e-01 4.671907251674901396e+00
1.782404692082111453e+01 4.190112112383700960e-01 4.670714427155846060e+00
1.784164222873900485e+01 4.189094428153082861e-01 4.669450723137233084e+00
1.785923753665689162e+01 4.187988065223138268e-01 4.668077367603878258e+00
1.787683284457478194e+01 4.186758480713867470e-01 4.666551621836860342e+00
1.789442815249266872e+01 4.185371628735169436e-01 4.664831445474141525e+00
1.791202346041055549e+01 4.183797690753929821e-01 4.662880137549380244e+00
1.792961876832844581e+01 4.182014383479895070e-01 4.660670442317615958e+00
1.794721407624633613e+01 4.180009476834951609e-01 4.658187659778941558e+00
1.796480938416422291e+01 4.177782237457791648e-01 4.655431405880203322e+00
1.798240469208210968e+01 4.175343629495294473e-01 4.652415815647237274e+00
1.800000000000000000e+01 4.172715241169459022e-01 4.649168156851797740e+00
