0.000000000000000000e+00 2.723881202026172121e-01 3.183296604384994843e+00
1.759530791788856130e-02 2.723867873424140051e-01 3.183285431451447600e+00
3.519061583577712260e-02 2.723828481155877723e-01 3.183252410383333064e+00
5.278592375366569084e-02 2.723764746230930012e-01 3.183198984373105667e+00
7.038123167155424520e-02 2.723679344226451193e-01 3.183127397021726424e+00
8.797653958944282038e-02 2.723575636213990681e-01 3.183040466632820031e+00
1.055718475073313817e-01 2.723457330157424972e-01 3.182941302225755997e+00
1.231671554252199430e-01 2.723328106272397964e-01 3.182832989381274569e+00
1.407624633431084904e-01 2.723191243359526781e-01 3.182718276972680282e+00
1.583577712609970656e-01 2.723049282982052954e-01 3.182599295698002706e+00
1.759530791788856408e-01 2.722903764587279452e-01 3.182477336148410441e+00
1.935483870967741882e-01 2.722755057654843158e-01 3.182352708253726181e+00
2.111436950146627634e-01 2.722602307392548715e-01 3.182224695925842006e+00
2.287390029325513108e-01 2.722443499329376682e-01 3.182091611360315486e+00
2.463343108504398860e-01 2.722275636464993043e-01 3.181950943665230902e+00
2.639296187683284334e-01 2.722095011560439759e-01 3.181799587211167957e+00
2.815249266862169808e-01 2.721897547776357396e-01 3.181634127238856635e+00
2.991202346041055837e-01 2.721679174104039145e-01 3.181451154592468633e+00
3.167155425219941312e-01 2.721436198562679487e-01 3.181247578531566589e+00
3.343108504398826786e-01 2.721165642313909672e-01 3.181020906719659980e+00
3.519061583577712815e-01 2.720865501668844333e-01 3.180769464694191306e+00
3.695014662756598289e-01 2.720534912072514744e-01 3.180492533091742846e+00
3.870967741935483764e-01 2.720174197846643716e-01 3.180190389047355737e+00
4.046920821114369238e-01 2.719784802792032385e-01 3.179864247697293145e+00
4.222873900293255267e-01 2.719369108561669468e-01 3.179516109633089282e+00
4.398826979472141296e-01 2.718930158834400590e-01 3.179148529484542074e+00
4.574780058651026216e-01 2.718471316631080881e-01 3.178764328610665935e+00
4.750733137829911690e-01 2.717995888699750173e-01 3.178366280377669550e+00
4.926686217008797719e-01 2.717506754107997802e-01 3.177956799164101120e+00
5.102639296187683193e-01 2.717006033718009084e-01 3.177537663809832047e+00
5.278592375366568668e-01 2.716494833145625676e-01 3.177109802778395942e+00
5.454545454545454142e-01 2.715973084536003612e-01 3.176673162187928501e+00
5.630498533724339616e-01 2.715439502746191947e-01 3.176226669692789439e+00
5.806451612903226200e-01 2.714891660266298135e-01 3.175768297768069903e+00
5.982404692082111675e-01 2.714326173531196873e-01 3.175295220177045241e+00
6.158357771260997149e-01 2.713738982311065251e-01 3.174804046235004229e+00
6.334310850439882623e-01 2.713125694690801670e-01 3.174291109813181855e+00
6.510263929618768097e-01 2.712481963657440431e-01 3.173752784606704402e+00
6.686217008797653572e-01 2.711803858159159142e-01 3.173185794563427198e+00
6.862170087976539046e-01 2.711088192006245734e-01 3.172587488812029122e+00
7.038123167155425630e-01 2.710332778120739250e-01 3.171956053912208251e+00
7.214076246334311104e-01 2.709536583010747068e-01 3.171290642445519392e+00
7.390029325513196579e-01 2.708699766224691441e-01 3.170591405264251872e+00
7.565982404692082053e-01 2.707823600945185039e-01 3.169859424287430283e+00
7.741935483870967527e-01 2.706910283670160289e-01 3.169096552614634632e+00
7.917888563049854111e-01 2.705962651917829254e-01 3.168305177923238958e+00
8.093841642228738475e-01 2.704983837983190864e-01 3.167487932699695197e+00
8.269794721407623950e-01 2.703976893065557219e-01 3.166647380077415086e+00
8.445747800586510534e-01 2.702944418964818296e-01 3.165785706404980804e+00
8.621700879765396008e-01 2.701888243741382700e-01 3.164904450935154046e+00
8.797653958944282593e-01 2.700809173347391012e-01 3.164004299299501888e+00
8.973607038123166957e-01 2.699706843713613469e-01 3.163084961100681713e+00
9.149560117302052431e-01 2.698579687863671417e-01 3.162145143644900624e+00
9.325513196480939015e-01 2.697425021298870407e-01 3.161182624366831728e+00
9.501466275659823379e-01 2.696239237256510823e-01 3.160194414788519701e+00
9.677419354838709964e-01 2.695018092625812711e-01 3.159176999845052514e+00
9.853372434017595438e-01 2.693757056364517455e-01 3.158126628980175266e+00
1.002932551319648091e+00 2.692451686075953421e-01 3.157039630295182420e+00
1.020527859237536639e+00 2.691097995599164849e-01 3.155912716738112245e+00
1.038123167155425186e+00 2.689692777324747541e-01 3.154743254088586024e+00
1.055718475073313734e+00 2.688233847408491028e-01 3.153529464267760041e+00
1.073313782991202281e+00 2.686720189682981208e-01 3.152270543919174273e+00
1.090909090909090828e+00 2.685151984112320034e-01 3.150966686630977343e+00
1.108504398826979376e+00 2.683530517093872247e-01 3.149619006757789830e+00
1.126099706744867923e+00 2.681857982635039162e-01 3.148229372584773866e+00
1.143695014662756693e+00 2.680137194244899268e-01 3.146800165569149321e+00
1.161290322580645240e+00 2.678371236198650585e-01 3.145333989692351562e+00
1.178885630498533788e+00 2.676563088785635647e-01 3.143833359837605812e+00
1.196480938416422335e+00 2.674715264657255287e-01 3.142300400098643198e+00
1.214076246334310660e+00 2.672829492222738024e-01 3.140736581851669040e+00
1.231671554252199430e+00 2.670906477331813633e-01 3.139142527411931560e+00
1.249266862170087977e+00 2.668945766714919121e-01 3.137517898562645957e+00
1.266862170087976525e+00 2.666945726595894572e-01 3.135861380840391011e+00
1.284457478005865072e+00 2.664903638538387853e-01 3.134170765014117510e+00
1.302052785923753619e+00 2.662815903041980681e-01 3.132443117623686657e+00
1.319648093841642389e+00 2.660678330792366486e-01 3.130675023678291424e+00
1.337243401759530714e+00 2.658486492830164361e-01 3.128862877510822482e+00
1.354838709677419262e+00 2.656236095083707727e-01 3.127003193038214945e+00
1.372434017595307809e+00 2.653923340295298305e-01 3.125092902766536174e+00
1.390029325513196357e+00 2.651545241610309134e-01 3.123129616004809872e+00
1.407624633431085126e+00 2.649099856883882498e-01 3.121111810813597121e+00
1.425219941348973673e+00 2.646586420627135006e-01 3.119038940818699590e+00
1.442815249266862221e+00 2.644005360683447381e-01 3.116911446509073258e+00
1.460410557184750768e+00 2.641358198178067607e-01 3.114730670156581116e+00
1.478005865102639316e+00 2.638647340871313474e-01 3.112498683081995399e+00
1.495601173020527863e+00 2.635875790601697188e-01 3.110218042677186379e+00
1.513196480938416411e+00 2.633046793976656086e-01 3.107891503507858477e+00
1.530791788856304958e+00 2.630163471017327725e-01 3.105521711281383102e+00
1.548387096774193505e+00 2.627228458552985924e-01 3.103110910043086257e+00
1.565982404692082053e+00 2.624243603606267183e-01 3.100660691531092805e+00
1.583577712609970822e+00 2.621209736984877470e-01 3.098171811339129000e+00
1.601173020527859370e+00 2.618126549316407425e-01 3.095644089855077219e+00
1.618768328445747695e+00 2.614992581621581880e-01 3.093076407526873961e+00
1.636363636363636243e+00 2.611805331219189119e-01 3.090466794688648378e+00
1.653958944281524790e+00 2.608561462393795827e-01 3.087812606865057763e+00
1.671554252199413559e+00 2.605257100945140847e-01 3.085110768067970355e+00
1.689149560117302107e+00 2.601888183482139461e-01 3.082358057924874828e+00
1.706744868035190654e+00 2.598450826937834246e-01 3.079551414188397285e+00
1.724340175953079202e+00 2.594941681801616884e-01 3.076688220699028253e+00
1.741935483870967749e+00 2.591358234198191113e-01 3.073766552363404791e+00
1.759530791788856519e+00 2.587699027037587696e-01 3.070785353028498310e+00
1.777126099706744844e+00 2.583963778517586185e-01 3.067744528851969577e+00
1.794721407624633391e+00 2.580153386477225808e-01 3.064644948217514209e+00
1.812316715542521939e+00 2.576269818452188165e-01 3.061488348567381390e+00
1.829912023460410486e+00 2.572315898628203534e-01 3.058277159778811871e+00
1.847507331378299256e+00 2.568295013086613343e-01 3.055014261961880084e+00
1.865102639296187803e+00 2.564210762770078311e-01 3.051702701978912025e+00
1.882697947214076351e+00 2.560066598673669258e-01 3.048345396949322161e+00
1.900293255131964676e+00 2.555865475401989939e-01 3.044944854135880341e+00
1.917888563049853445e+00 2.551609557287987662e-01 3.041502934824331206e+00
1.935483870967741993e+00 2.547300005961548042e-01 3.038020685313564506e+00
1.953079178885630762e+00 2.542936870129254845e-01 3.034498251394812218e+00
1.970674486803519088e+00 2.538519088193107454e-01 3.030934884393354345e+00
1.988269794721407413e+00 2.534044603192982525e-01 3.027329037793670352e+00
2.005865102639296182e+00 2.529510578494605921e-01 3.023678544552624636e+00
2.023460410557184730e+00 2.524913692740551885e-01 3.019980857291832521e+00
2.041055718475073277e+00 2.520250484802433188e-01 3.016233327418683441e+00
2.058651026392961825e+00 2.515517714582599096e-01 3.012433495456685595e+00
2.076246334310850372e+00 2.510712703999539164e-01 3.008579363842979415e+00
2.093841642228738920e+00 2.505833624508780333e-01 3.004669625278348910e+00
2.111436950146627467e+00 2.500879702867824239e-01 3.000703824215323667e+00
2.129032258064516014e+00 2.495851325019103617e-01 2.996682435793368793e+00
2.146627565982404562e+00 2.490750028123518978e-01 2.992606854799882754e+00
2.164222873900293109e+00 2.485578381905771683e-01 2.988479296213160996e+00
2.181818181818181657e+00 2.480339771452444442e-01 2.984302617660400170e+00
2.199413489736070648e+00 2.475038103331235750e-01 2.980080081815106752e+00
2.217008797653958752e+00 2.469677464406205836e-01 2.975815082598252115e+00
2.234604105571847743e+00 2.464261767275272019e-01 2.971510862469329162e+00
2.252199413489735846e+00 2.458794417420574474e-01 2.967170248780985453e+00
2.269794721407624394e+00 2.453278034853621226e-01 2.962795435088414031e+00
2.287390029325513385e+00 2.447714257510529290e-01 2.958387828688924692e+00
2.304985337243401489e+00 2.442103645476858265e-01 2.953947978999345469e+00
2.322580645161290480e+00 2.436445695113208521e-01 2.949475593329344392e+00
2.340175953079178583e+00 2.430738961299460377e-01 2.944969637972600918e+00
2.357771260997067575e+00 2.424981275377167123e-01 2.940428514156699702e+00
2.375366568914956122e+00 2.419170036982106753e-01 2.935850291079382224e+00
2.392961876832844670e+00 2.413302550737592145e-01 2.931232972722270791e+00
2.410557184750733217e+00 2.407376374429750499e-01 2.926574771910939177e+00
2.428152492668621321e+00 2.401389644238877408e-01 2.921874364497540455e+00
2.445747800586510312e+00 2.395341344962172159e-01 2.917131098636631670e+00
2.463343108504398860e+00 2.389231498702021617e-01 2.912345138697489677e+00
2.480938416422287407e+00 2.383061253657290102e-01 2.907517529945949697e+00
2.498533724340175954e+00 2.376832864625965935e-01 2.902650178070989462e+00
2.516129032258064502e+00 2.370549567599385954e-01 2.897745746118843613e+00
2.533724340175953049e+00 2.364215361317993924e-01 2.892807479573190399e+00
2.551319648093841597e+00 2.357834717814823178e-01 2.887838977362811477e+00
2.568914956011730144e+00 2.351412250885690780e-01 2.882843931790539660e+00
2.586510263929618691e+00 2.344952375424640134e-01 2.877825863260043526e+00
2.604105571847507239e+00 2.338458991275420007e-01 2.872787875970495453e+00
2.621700879765395786e+00 2.331935222636833671e-01 2.867732458459153921e+00
2.639296187683284778e+00 2.325383238409877984e-01 2.862661348257125482e+00
2.656891495601172881e+00 2.318804170768055672e-01 2.857575473463846993e+00
2.674486803519061429e+00 2.312198139481806969e-01 2.852474976392015638e+00
2.692082111436949976e+00 2.305564379092325533e-01 2.847359316339500790e+00
2.709677419354838523e+00 2.298901455929579785e-01 2.842227440797390425e+00
2.727272727272727515e+00 2.292207553183605306e-01 2.837078007750700070e+00
2.744868035190615618e+00 2.285480795621992467e-01 2.831909636813027209e+00
2.762463343108504610e+00 2.278719581743106071e-01 2.826721164231456029e+00
2.780058651026392713e+00 2.271922890536827444e-01 2.821511876564227528e+00
2.797653958944281705e+00 2.265090532653664113e-01 2.816281700090262241e+00
2.815249266862170252e+00 2.258223321396416738e-01 2.811031327527260704e+00
2.832844574780058355e+00 2.251323146985694523e-01 2.805762269958413935e+00
2.850439882697947347e+00 2.244392947203003308e-01 2.800476829356197683e+00
2.868035190615835450e+00 2.237436577810633098e-01 2.795177994987451342e+00
2.885630498533724442e+00 2.230458596050705622e-01 2.789869274490357487e+00
2.903225806451612989e+00 2.223463979047306804e-01 2.784554476781835763e+00
2.920821114369501537e+00 2.216457805233175149e-01 2.779237468557040902e+00
2.938416422287390084e+00 2.209444930390105089e-01 2.773921928545343807e+00
2.956011730205278631e+00 2.202429690212878710e-01 2.768611123679772579e+00
2.973607038123167179e+00 2.195415658483001464e-01 2.763307728955300746e+00
2.991202346041055726e+00 2.188405484279298818e-01 2.758013708261004560e+00
3.008797653958944274e+00 2.181400823740882178e-01 2.752730267339410730e+00
3.026392961876832821e+00 2.174402372522720173e-01 2.747457882866530809e+00
3.043988269794721369e+00 2.167409995168571024e-01 2.742196404162516643e+00
3.061583577712609916e+00 2.160422938133561011e-01 2.736945216959434823e+00
3.079178885630498907e+00 2.153440105040223818e-01 2.731703452651784048e+00
3.096774193548387011e+00 2.146460366733803082e-01 2.726470222111039288e+00
3.114369501466275558e+00 2.139482875398776851e-01 2.721244850874047660e+00
3.131964809384164106e+00 2.132507351729879819e-01 2.716027092532638409e+00
3.149560117302052653e+00 2.125534316940300705e-01 2.710817299450230422e+00
3.167155425219941645e+00 2.118565246959631665e-01 2.705616534278104002e+00
3.184750733137829748e+00 2.111602633966306597e-01 2.700426611700618817e+00
3.202346041055718739e+00 2.104649949629704142e-01 2.695250066802537425e+00
3.219941348973606843e+00 2.097711514180352899e-01 2.690090053722354213e+00
3.237536656891495390e+00 2.090792284702794046e-01 2.684950185101155906e+00
3.255131964809384382e+00 2.083897583932598774e-01 2.679834328578164282e+00
3.272727272727272485e+00 2.077032796562392758e-01 2.674746380661983114e+00
3.290322580645161477e+00 2.070203063073928207e-01 2.669690040337448611e+00
3.307917888563049580e+00 2.063413001145170955e-01 2.664668604579612854e+00
3.325513196480938571e+00 2.056666481763726462e-01 2.659684805589926260e+00
3.343108504398827119e+00 2.049966481627505666e-01 2.654740705304901027e+00
3.360703812316715666e+00 2.043315025799220530e-01 2.649837656994673996e+00
3.378299120234604214e+00 2.036713225660430338e-01 2.644976337138749578e+00
3.395894428152492317e+00 2.030161407856183875e-01 2.640156843885809401e+00
3.413489736070381309e+00 2.023659321040527093e-01 2.635378851937833833e+00
3.431085043988269856e+00 2.017206399681261975e-01 2.630641808263598502e+00
3.448680351906158403e+00 2.010802058686534666e-01 2.625945149161552195e+00
3.466275659824046951e+00 2.004445989707430986e-01 2.621288517228070880e+00
3.483870967741935498e+00 1.998138429928548454e-01 2.616671956928672493e+00
3.501466275659824046e+00 1.991880376986796819e-01 2.612096069700168943e+00
3.519061583577713037e+00 1.985673729073745564e-01 2.607562113604936282e+00
3.536656891495601140e+00 1.979521336740047988e-01 2.603072038105476160e+00
3.554252199413489688e+00 1.973426961684315861e-01 2.598628450970814630e+00
3.571847507331378235e+00 1.967395146995367383e-01 2.594234521019816331e+00
3.589442815249266783e+00 1.961431012009674513e-01 2.589893826682698297e+00
3.607038123167155774e+00 1.955539992281910278e-01 2.585610165599712573e+00
3.624633431085043878e+00 1.949727550431242240e-01 2.581387344168805331e+00
3.642228739002932869e+00 1.943998886316602448e-01 2.577228967754881861e+00
3.659824046920820972e+00 1.938358674875146070e-01 2.573138252032045603e+00
3.677419354838709520e+00 1.932810857069530153e-01 2.569117873696459498e+00
3.695014662756598511e+00 1.927358504043440446e-01 2.565169874805223849e+00
3.712609970674486615e+00 1.922003767322690848e-01 2.561295629671051177e+00
3.730205278592375606e+00 1.916747919438148151e-01 2.557495877099031478e+00
3.747800586510263710e+00 1.911591480510092811e-01 2.553770814385915688e+00
3.765395894428152701e+00 1.906534417972249318e-01 2.550120243523592123e+00
3.782991202346041248e+00 1.901576399529517625e-01 2.546543755025777678e+00
3.800586510263929352e+00 1.896717074317037233e-01 2.543040931209121780e+00
3.818181818181817899e+00 1.891956354553270270e-01 2.539611548948901731e+00
3.835777126099706891e+00 1.887294670015636222e-01 2.536255762068601705e+00
3.853372434017595438e+00 1.882733170413244950e-01 2.532974245598632823e+00
3.870967741935483986e+00 1.878273855916261226e-01 2.529768287946375427e+00
3.888563049853372089e+00 1.873919623215452579e-01 2.526639822182303430e+00
3.906158357771261525e+00 1.869674222820817688e-01 2.523591393651236192e+00
3.923753665689149628e+00 1.865542132036462075e-01 2.520626067366959155e+00
3.941348973607038175e+00 1.861528356302456222e-01 2.517747284522155127e+00
3.958944281524926723e+00 1.857638178559206377e-01 2.514958682366125409e+00
3.976539589442814826e+00 1.853876881287265799e-01 2.512263895193735497e+00
3.994134897360704262e+00 1.850249468430744948e-01 2.509666355922636427e+00
4.011730205278592365e+00 1.846760414296860220e-01 2.507169117561805383e+00
4.029325513196480912e+00 1.843413463774032368e-01 2.504774711831100120e+00
4.046920821114369460e+00 1.840211503115362079e-01 2.502485058495577785e+00
4.064516129032258007e+00 1.837156513602497543e-01 2.500301433999430500e+00
4.082111436950146555e+00 1.834249612313847422e-01 2.498224502207918807e+00
4.099706744868035102e+00 1.831491175750419309e-01 2.496254404045636921e+00
4.117302052785923649e+00 1.828881034032133479e-01 2.494390897127927165e+00
4.134897360703812197e+00 1.826418716536971076e-01 2.492633531660671142e+00
4.152492668621700744e+00 1.824103724869578780e-01 2.490981845390395577e+00
4.170087976539589292e+00 1.821935806399852531e-01 2.489435558559406125e+00
4.187683284457477839e+00 1.819915201566911500e-01 2.487994749838976727e+00
4.205278592375366387e+00 1.818042840712846275e-01 2.486659996081661106e+00
4.222873900293254934e+00 1.816320471151680604e-01 2.485432462275785959e+00
4.240469208211143481e+00 1.814750702010550776e-01 2.484313932956338622e+00
4.258064516129032029e+00 1.813336962435305455e-01 2.483306782051942552e+00
4.275659824046920576e+00 1.812083377233385806e-01 2.482413884160568962e+00
4.293255131964809124e+00 1.810994572098093280e-01 2.481638475956243539e+00
4.310850439882698559e+00 1.810075427423971928e-01 2.480983981273169992e+00
4.328445747800586219e+00 1.809330804714549268e-01 2.480453816922967292e+00
4.346041055718474766e+00 1.808765272221500298e-01 2.480051198140160285e+00
4.363636363636363313e+00 1.808382856496414393e-01 2.479778962554622712e+00
4.381231671554251861e+00 1.808186843991964332e-01 2.479639429768451642e+00
4.398826979472141296e+00 1.808179651979271996e-01 2.479634310156066501e+00
4.416422287390028956e+00 1.808362781326596225e-01 2.479764671746640392e+00
4.434017595307917503e+00 1.808736855759722484e-01 2.480030968444347561e+00
4.451612903225806051e+00 1.809301743850541266e-01 2.480433126924664666e+00
4.469208211143695486e+00 1.810056751954418064e-01 2.480970683873779947e+00
4.486803519061584034e+00 1.811000869405197389e-01 2.481642960350996407e+00
4.504398826979471693e+00 1.812133042144232764e-01 2.482449256418853611e+00
4.521994134897360240e+00 1.813452448112166659e-01 2.483389047159233254e+00
4.539589442815248788e+00 1.814958747459569921e-01 2.484462160982678025e+00
4.557184750733138223e+00 1.816652282982862410e-01 2.485668922779285861e+00
4.574780058651026771e+00 1.818534210954498298e-01 2.487010247807918351e+00
4.592375366568914430e+00 1.820606549242127226e-01 2.488487676962340966e+00
4.609970674486802977e+00 1.822872137650083102e-01 2.490103349731896731e+00
4.627565982404692413e+00 1.825334513981539120e-01 2.491859917236202815e+00
4.645161290322580960e+00 1.827997717569471436e-01 2.493760403564105221e+00
4.662756598240469508e+00 1.830866039145931656e-01 2.495808028711190119e+00
4.680351906158357167e+00 1.833943741213845680e-01 2.498006010192518112e+00
4.697947214076245714e+00 1.837234776037771355e-01 2.500357362540897466e+00
4.715542521994135150e+00 1.840742528694124802e-01 2.502864714180569106e+00
4.733137829912023697e+00 1.844469610290934425e-01 2.505530159568816639e+00
4.750733137829912245e+00 1.848417721703834726e-01 2.508355161174783188e+00
4.768328445747799904e+00 1.852587601435061460e-01 2.511340511132140740e+00
4.785923753665689340e+00 1.856979063121011742e-01 2.514486356702723135e+00
4.803519061583577887e+00 1.861591119555527640e-01 2.517792287556188668e+00
4.821114369501466435e+00 1.866422181680147674e-01 2.521257476882044823e+00
4.838709677419354982e+00 1.871470313624669368e-01 2.524880863073970971e+00
4.856304985337242641e+00 1.876733519276735651e-01 2.528661354671766670e+00
4.873900293255132077e+00 1.882210032579689496e-01 2.532598038819040553e+00
4.891495601173020624e+00 1.887898583149861809e-01 2.536690372951549310e+00
4.909090909090909172e+00 1.893798610962986462e-01 2.540938340853620137e+00
4.926686217008797719e+00 1.899910408609254420e-01 2.545342557498937452e+00
4.944281524926685378e+00 1.906235176522681207e-01 2.549904311932138512e+00
4.961876832844574814e+00 1.912774984994670135e-01 2.554625543392497811e+00
4.979472140762463361e+00 1.919532645868856080e-01 2.559508752357585681e+00
4.997067448680351909e+00 1.926511505690843007e-01 2.564556854559237653e+00
5.014662756598240456e+00 1.933715179876100143e-01 2.569772991669291518e+00
5.032258064516129004e+00 1.941147253388654514e-01 2.575160316709512731e+00
5.049853372434017551e+00 1.948810976904850334e-01 2.580721774878219410e+00
5.067448680351906098e+00 1.956708988119937043e-01 2.586459901140410800e+00
5.085043988269794646e+00 1.964843085662804911e-01 2.592376654525544222e+00
5.102639296187683193e+00 1.973214078213157419e-01 2.598473305739831485e+00
5.120234604105571741e+00 1.981821724315390165e-01 2.604750389730361881e+00
5.137829912023460288e+00 1.990664769717180593e-01 2.611207728693364150e+00
5.155425219941348836e+00 1.999741079640489083e-01 2.617844524266283113e+00
5.173020527859237383e+00 2.009047854110244946e-01 2.624659510914496785e+00
5.190615835777126819e+00 2.018581906214683419e-01 2.631651156459374530e+00
5.208211143695014478e+00 2.028339976761466268e-01 2.638817890886327788e+00
5.225806451612903025e+00 2.038319054879270398e-01 2.646158341508715761e+00
5.243401759530791573e+00 2.048516673121272558e-01 2.653671551579576349e+00
5.260997067448680120e+00 2.058931147706458686e-01 2.661357160680358103e+00
5.278592375366569556e+00 2.069561739537008893e-01 2.669215528600560550e+00
5.296187683284457215e+00 2.080408719108531590e-01 2.677247789664239264e+00
5.313782991202345762e+00 2.091473327682430161e-01 2.685455831076465127e+00
5.331378299120234310e+00 2.102757637217528564e-01 2.693842196220557650e+00
5.348973607038122857e+00 2.114264321567594362e-01 2.702409921219305566e+00
5.366568914956012293e+00 2.125996360344326874e-01 2.711162319748264160e+00
5.384164222873899952e+00 2.137956703732687425e-01 2.720102736391733611e+00
5.401759530791788499e+00 2.150147930730213208e-01 2.729234292226456748e+00
5.419354838709677047e+00 2.162571934331048717e-01 2.738559647453128854e+00
5.436950146627566482e+00 2.175229664960858511e-01 2.748080804637389019e+00
5.454545454545455030e+00 2.188120958174510355e-01 2.757798972562133244e+00
5.472140762463342689e+00 2.201244464733896899e-01 2.767714505141312564e+00
5.489736070381231237e+00 2.214597691416978764e-01 2.777826922800016973e+00
5.507331378299119784e+00 2.228177150186282374e-01 2.788135015831599617e+00
5.524926686217009220e+00 2.241978602682596355e-01 2.798637021234398947e+00
5.542521994134897767e+00 2.255997377441192053e-01 2.809330857173578888e+00
5.560117302052785426e+00 2.270228729703901160e-01 2.820214393231301298e+00
5.577712609970673974e+00 2.284668209000443317e-01 2.831285730618994023e+00
5.595307917888563409e+00 2.299311998319088224e-01 2.842543464972825618e+00
5.612903225806451957e+00 2.314157190887651261e-01 2.853986905459235945e+00
5.630498533724340504e+00 2.329201976197263213e-01 2.865616227644578018e+00
5.648093841642228163e+00 2.344445715431968669e-01 2.877432543629625528e+00
5.665689149560116711e+00 2.359888897116386164e-01 2.889437880768368938e+00
5.683284457478006146e+00 2.375532975529614232e-01 2.901635069139415268e+00
5.700879765395894694e+00 2.391380106095916391e-01 2.914027546953688041e+00
5.718475073313783241e+00 2.407432802383233372e-01 2.926619101368106435e+00
5.736070381231670900e+00 2.423693547465383957e-01 2.939413568896898976e+00
5.753665689149560336e+00 2.440164397401257124e-01 2.952414524082568104e+00
5.771260997067448884e+00 2.456846615926291943e-01 2.965624986833958587e+00
5.788856304985337431e+00 2.473740376967042687e-01 2.979047177647525579e+00
5.806451612903225978e+00 2.490844565476180994e-01 2.992682345866213733e+00
5.824046920821113638e+00 2.508156697890969733e-01 3.006530689536839329e+00
5.841642228739003073e+00 2.525672972089439416e-01 3.020591376881603729e+00
5.859237536656891621e+00 2.543388444128764081e-01 3.034862669678004110e+00
5.876832844574780168e+00 2.561297316498769572e-01 3.049342138845302141e+00
5.894428152492668715e+00 2.579393311336305450e-01 3.064026953222815486e+00
5.912023460410557263e+00 2.597670093154914595e-01 3.078914214818500472e+00
5.929618768328445810e+00 2.616121700080155099e-01 3.094001308510494042e+00
5.947214076246334358e+00 2.634742940974593162e-01 3.109286231900553865e+00
5.964809384164222905e+00 2.653529718440043594e-01 3.124767872071343877e+00
5.982404692082111453e+00 2.672479244333826331e-01 3.140446200391367793e+00
6.000000000000000000e+00 2.691590124549608221e-01 3.156322363903788730e+00
6.017595307917888547e+00 2.710862302438848404e-01 3.172398661567688460e+00
6.035190615835777095e+00 2.730296864159011405e-01 3.188678404774555553e+00
6.052785923753665642e+00 2.749895723044576967e-01 3.205165673047060348e+00
6.070381231671554190e+00 2.769661212416020257e-01 3.221864986495884597e+00
6.087976539589442737e+00 2.789595625814655366e-01 3.238780925380043474e+00
6.105571847507331285e+00 2.809700749489577043e-01 3.255917733080057719e+00
6.123167155425219832e+00 2.829977433443359724e-01 3.273278941311340340e+00
6.140762463343108379e+00 2.850425244268469105e-01 3.290867055166278199e+00
6.158357771260997815e+00 2.871042235621760752e-01 3.308683330624069718e+00
6.175953079178885474e+00 2.891824861152690884e-01 3.326727668905573587e+00
6.193548387096774022e+00 2.912768041042095302e-01 3.344998641193431599e+00
6.211143695014662569e+00 2.933865378309743477e-01 3.363493644762538981e+00
6.228739002932551116e+00 2.955109506148130838e-01 3.382209178628607038e+00
6.246334310850440552e+00 2.976492534201053974e-01 3.401141214664411550e+00
6.263929618768328211e+00 2.998006551273292852e-01 3.420285629965519103e+00
6.281524926686216759e+00 3.019644135538122054e-01 3.439638659145653143e+00
6.299120234604105306e+00 3.041398821633484184e-01 3.459197322019829990e+00
6.316715542521994742e+00 3.063265477389224833e-01 3.478959783257309368e+00
6.334310850439883289e+00 3.085240551084470484e-01 3.498925606097603502e+00
6.351906158357770948e+00 3.107322162372965768e-01 3.519095871709190249e+00
6.369501466275659496e+00 3.129510025179715327e-01 3.539473148397740410e+00
6.387096774193548043e+00 3.151805207474967507e-01 3.560061309441868715e+00
6.404692082111437479e+00 3.174209749214157439e-01 3.580865213423209070e+00
6.422287390029326026e+00 3.196726174235357543e-01 3.601890275009198561e+00
6.439882697947213686e+00 3.219356943044204833e-01 3.623141965800271258e+00
6.457478005865102233e+00 3.242103900036492070e-01 3.644625292854581922e+00
6.475073313782990780e+00 3.264967770099342359e-01 3.666344305984634122e+00
6.492668621700880216e+00 3.287947755496738456e-01 3.688301683446852497e+00
6.510263929618768763e+00 3.311041274816525215e-01 3.710498439253876235e+00
6.527859237536656423e+00 3.334243872359748395e-01 3.732933784532402655e+00
6.545454545454544970e+00 3.357549309939458215e-01 3.755605161059376584e+00
6.563049853372434406e+00 3.380949835175117713e-01 3.778508448612361015e+00
6.580645161290322953e+00 3.404436602748167062e-01 3.801638330597538307e+00
6.598240469208211501e+00 3.428000209458038627e-01 3.824988786217856873e+00
6.615835777126099160e+00 3.451631291873455409e-01 3.848553663840759143e+00
6.633431085043987707e+00 3.475321128190559938e-01 3.872327280668626415e+00
6.651026392961877143e+00 3.499062184416364407e-01 3.896304989417693765e+00
6.668621700879765690e+00 3.522848549478024283e-01 3.920483654122089323e+00
6.686217008797654238e+00 3.546676213991857285e-01 3.944861984472941785e+00
6.703812316715541897e+00 3.570543162303993490e-01 3.969440690749377776e+00
6.721407624633431332e+00 3.594449265613525180e-01 3.994222438281423759e+00
6.739002932551319880e+00 3.618395983714924879e-01 4.019211599904225274e+00
6.756598240469208427e+00 3.642385902168148726e-01 4.044413825094685500e+00
6.774193548387096975e+00 3.666422148564117967e-01 4.069835463382148077e+00
6.791788856304984634e+00 3.690507744271552815e-01 4.095482895250428967e+00
6.809384164222874070e+00 3.714644955307753182e-01 4.121361834458735274e+00
6.826979472140762617e+00 3.738834706994442758e-01 4.147476670337628235e+00
6.844574780058651164e+00 3.763076121673086805e-01 4.173829916575299670e+00
6.862170087976539712e+00 3.787366227426469667e-01 4.200421824352099875e+00
6.879765395894428259e+00 3.811699869523164086e-01 4.227250203085433533e+00
6.897360703812316807e+00 3.836069836692010404e-01 4.254310472766188234e+00
6.914956011730205354e+00 3.860467193210846415e-01 4.281595949626142428e+00
6.932551319648093902e+00 3.884881787201295289e-01 4.309098343733898773e+00
6.950146627565982449e+00 3.909302887495682000e-01 4.336808425303600778e+00
6.967741935483870996e+00 3.933719887817732075e-01 4.364716798216909055e+00
6.985337243401759544e+00 3.958123009246209412e-01 4.392814706467804697e+00
7.002932551319648091e+00 3.982503930918528390e-01 4.421094793456873617e+00
7.020527859237536639e+00 4.006856284927813316e-01 4.449551736160435311e+00
7.038123167155426074e+00 4.031175963913377625e-01 4.478182686280118396e+00
7.055718475073313734e+00 4.055461207794450740e-01 4.506987467802415104e+00
7.073313782991202281e+00 4.079712457718069341e-01 4.535968503426518694e+00
7.090909090909090828e+00 4.103931988440839840e-01 4.565130468853808132e+00
7.108504398826979376e+00 4.128123352705530547e-01 4.594479701335201227e+00
7.126099706744868811e+00 4.152290690434737863e-01 4.624023414356957851e+00
7.143695014662756471e+00 4.176437969767030634e-01 4.653768791269589755e+00
7.161290322580645018e+00 4.200568234639159848e-01 4.683722044825899822e+00
7.178885630498533565e+00 4.224682933946057317e-01 4.713887535436420251e+00
7.196480938416422113e+00 4.248781400198048952e-01 4.744267037730876879e+00
7.214076246334311548e+00 4.272860531670484296e-01 4.774859232845007462e+00
7.231671554252199208e+00 4.296914712603695508e-01 4.805659483706264723e+00
7.249266862170087755e+00 4.320935982894377192e-01 4.836659924202651339e+00
7.266862170087976303e+00 4.344914444134003184e-01 4.867849862854305876e+00
7.284457478005865738e+00 4.368838865181169373e-01 4.899216470277961477e+00
7.302052785923754286e+00 4.392697430046250684e-01 4.930745690367982270e+00
7.319648093841641945e+00 4.416478555799304151e-01 4.962423290697584477e+00
7.337243401759530492e+00 4.440171700090541629e-01 4.994235950816191760e+00
7.354838709677419040e+00 4.463768077656525279e-01 5.026172279912957563e+00
7.372434017595308475e+00 4.487261213053833631e-01 5.058223658869512640e+00
7.390029325513197023e+00 4.510647272178240907e-01 5.090384816109573940e+00
7.407624633431084682e+00 4.533925136468069939e-01 5.122654070786666125e+00
7.425219941348973229e+00 4.557096208978670959e-01 5.155033208559117952e+00
7.442815249266862665e+00 4.580163968229391536e-01 5.187526991415724709e+00
7.460410557184751212e+00 4.603133311165432118e-01 5.220142340099220846e+00
7.478005865102639760e+00 4.626009748150514134e-01 5.252887261816229447e+00
7.495601173020527419e+00 4.648798528405492791e-01 5.285769623565569120e+00
7.513196480938415966e+00 4.671503782133374361e-01 5.318795889632096596e+00
7.530791788856305402e+00 4.694127764894038823e-01 5.351969948584383907e+00
7.548387096774193061e+00 4.716670280622596856e-01 5.385292149595413136e+00
7.565982404692082497e+00 4.739128342865248644e-01 5.418758650372505592e+00
7.583577712609971044e+00 4.761496110918108648e-01 5.452361150871455564e+00
7.601173020527858704e+00 4.783765110773623985e-01 5.486087050733682524e+00
7.618768328445748139e+00 4.805924722675062877e-01 5.519920027295190934e+00
7.636363636363635798e+00 4.827962890382127004e-01 5.553840988905792919e+00
7.653958944281525234e+00 4.849866984607305587e-01 5.587829319261709671e+00
7.671554252199413781e+00 4.871624736799093913e-01 5.621864296485547641e+00
7.689149560117301441e+00 4.893225151262054484e-01 5.655926549291339533e+00
7.706744868035190876e+00 4.914659304488152025e-01 5.689999404376152370e+00
7.724340175953080312e+00 4.935920950609957725e-01 5.724069985581212272e+00
7.741935483870967971e+00 4.957006870219286543e-01 5.758129946282805278e+00
7.759530791788856519e+00 4.977916924701317747e-01 5.792175750264805245e+00
7.777126099706744178e+00 4.998653807266441595e-01 5.826208459864308686e+00
7.794721407624633613e+00 5.019222512117890167e-01 5.860233039191065529e+00
7.812316715542523049e+00 5.039629571605295233e-01 5.894257229702266621e+00
7.829912023460410708e+00 5.059882134889244210e-01 5.928290100232092463e+00
7.847507331378299256e+00 5.079986978162406297e-01 5.962340409025988386e+00
7.865102639296186915e+00 5.099949544146742397e-01 5.996414937652876809e+00
7.882697947214076351e+00 5.119773106610542301e-01 6.030516963424294552e+00
7.900293255131965786e+00 5.139458144173086884e-01 6.064645027228973362e+00
7.917888563049853445e+00 5.159001987769644693e-01 6.098792128180130945e+00
7.935483870967741993e+00 5.178398779722207523e-01 6.132945437341418504e+00
7.953079178885629652e+00 5.197639751930894780e-01 6.167086573531352478e+00
7.970674486803519088e+00 5.216713799188721357e-01 6.201192429292229136e+00
7.988269794721408523e+00 5.235608294098430537e-01 6.235236479721075753e+00
8.005865102639296182e+00 5.254310065453262624e-01 6.269190456407806700e+00
8.023460410557184730e+00 5.272806444745858911e-01 6.303026228424446487e+00
8.041055718475073277e+00 5.291086277517539349e-01 6.336717706620836665e+00
8.058651026392961825e+00 5.309140798515715742e-01 6.370242579647649173e+00
8.076246334310850372e+00 5.326964282032495834e-01 6.403583701672435069e+00
8.093841642228738920e+00 5.344554400265729699e-01 6.436729982222790802e+00
8.111436950146627467e+00 5.361912251023230880e-01 6.469676675426737411e+00
8.129032258064516014e+00 5.379042048773426954e-01 6.502425024675799747e+00
8.146627565982404562e+00 5.395950506645252887e-01 6.534981283498150439e+00
8.164222873900293109e+00 5.412645968091809312e-01 6.567355197499685993e+00
8.181818181818181657e+00 5.429137372387013993e-01 6.599558088880089102e+00
8.199413489736070204e+00 5.445433155336661946e-01 6.631600728290590219e+00
8.217008797653960528e+00 5.461540193804734766e-01 6.663491204089291742e+00
8.234604105571847299e+00 5.477462899141193331e-01 6.695233003640799652e+00
8.252199413489735846e+00 5.493202550668632167e-01 6.726823504533672171e+00
8.269794721407624394e+00 5.508756937374342799e-01 6.758253036850179640e+00
8.287390029325512941e+00 5.524120346068277509e-01 6.789504624202253424e+00
8.304985337243401489e+00 5.539283900369236235e-01 6.820554445997433213e+00
8.322580645161290036e+00 5.554236220240476030e-01 6.851372992362393610e+00
8.340175953079178583e+00 5.568964339775812622e-01 6.881926813059135561e+00
8.357771260997067131e+00 5.583454794712797709e-01 6.912180699503342574e+00
8.375366568914955678e+00 5.597694773377716038e-01 6.942100091089755232e+00
8.392961876832846002e+00 5.611673217346797582e-01 6.971653468841194190e+00
8.410557184750732773e+00 5.625381761937513492e-01 7.000814494565380741e+00
8.428152492668621321e+00 5.638815421516164550e-01 7.029563673614116048e+00
8.445747800586509868e+00 5.651972949177538341e-01 7.057889362760200846e+00
8.463343108504398415e+00 5.664856832252803676e-01 7.085788007770434049e+00
8.480938416422286963e+00 5.677472921164353759e-01 7.113263571753329906e+00
8.498533724340175510e+00 5.689829725740986888e-01 7.140326197437060429e+00
8.516129032258064058e+00 5.701937446517409969e-01 7.166990225554783045e+00
8.533724340175954381e+00 5.713806835374918291e-01 7.193271759117028985e+00
8.551319648093841153e+00 5.725447997422308255e-01 7.219186012408211006e+00
8.568914956011731476e+00 5.736869252500297334e-01 7.244744708917869147e+00
8.586510263929618247e+00 5.748076169474402031e-01 7.269953791468219961e+00
8.604105571847506795e+00 5.759070870066492764e-01 7.294811680525814523e+00
8.621700879765397119e+00 5.769851672959613875e-01 7.319308265634252741e+00
8.639296187683283890e+00 5.780413115801104063e-01 7.343424744831565931e+00
8.656891495601172437e+00 5.790746355713312088e-01 7.367134344348856168e+00
8.674486803519060985e+00 5.800839911564974472e-01 7.390403863561618714e+00
8.692082111436949532e+00 5.810680677191114585e-01 7.413195906437171523e+00
8.709677419354839856e+00 5.820255107341060219e-01 7.435471588892863082e+00
8.727272727272726627e+00 5.829550460158151592e-01 7.457193459050903250e+00
8.744868035190616951e+00 5.838555973362783424e-01 7.478328340296341636e+00
8.762463343108503722e+00 5.847263856842864760e-01 7.498849808954621388e+00
8.780058651026392269e+00 5.855670001669400770e-01 7.518740050065123803e+00
8.797653958944282593e+00 5.863774333051170462e-01 7.537990893686501437e+00
8.815249266862169364e+00 5.871580769748119266e-01 7.556603914856911075e+00
8.832844574780057911e+00 5.879096791488876983e-01 7.574589574564885019e+00
8.850439882697948235e+00 5.886332655042819662e-01 7.591965476978208116e+00
8.868035190615835006e+00 5.893300334810803731e-01 7.608753909315251640e+00
8.885630498533725330e+00 5.900012291556154809e-01 7.624978905459643741e+00
8.903225806451612101e+00 5.906480190401306452e-01 7.640663124886935442e+00
8.920821114369502425e+00 5.912713694731902558e-01 7.655824859570026675e+00
8.938416422287390972e+00 5.918719455647253325e-01 7.670475471238638931e+00
8.956011730205277743e+00 5.924500397788349249e-01 7.684617520863125328e+00
8.973607038123168067e+00 5.930055373597526991e-01 7.698243785534317318e+00
8.991202346041054838e+00 5.935379222123980947e-01 7.711337271494701717e+00
9.008797653958943386e+00 5.940463228832122411e-01 7.723872234094030453e+00
9.026392961876833709e+00 5.945295943335532352e-01 7.735816115214032784e+00
9.043988269794720480e+00 5.949864276392925477e-01 7.747132215828948176e+00
9.061583577712610804e+00 5.954154769379730316e-01 7.757782845074316924e+00
9.079178885630497575e+00 5.958154911624755634e-01 7.767732635436648714e+00
9.096774193548387899e+00 5.961854375368441650e-01 7.776951692352577439e+00
9.114369501466276446e+00 5.965246045372033512e-01 7.785418258656854107e+00
9.131964809384163217e+00 5.968326739817760851e-01 7.793120619584377629e+00
9.149560117302053541e+00 5.971097549251580539e-01 7.800058048427969126e+00
9.167155425219940312e+00 5.973563757982276456e-01 7.806240689120967247e+00
9.184750733137828860e+00 5.975734353793855647e-01 7.811688379951736927e+00
9.202346041055719184e+00 5.977621172862639387e-01 7.816428530854330425e+00
9.219941348973605955e+00 5.979237763228270053e-01 7.820493263681008500e+00
9.237536656891496278e+00 5.980598078371747173e-01 7.823916100329769918e+00
9.255131964809384826e+00 5.981715129576363754e-01 7.826728529822270630e+00
9.272727272727273373e+00 5.982599730119098069e-01 7.828956797974158555e+00
9.290322580645161921e+00 5.983259455571239283e-01 7.830619241317109847e+00
9.307917888563048692e+00 5.983697923484678771e-01 7.831724433033585342e+00
9.325513196480939015e+00 5.983914464584871862e-01 7.832270328453986963e+00
9.343108504398827563e+00 5.983904219317025541e-01 7.832244499057501308e+00
9.360703812316714334e+00 5.983658651890959579e-01 7.831625436367660065e+00
9.378299120234604658e+00 5.983166432863329387e-01 7.830384800867824069e+00
9.395894428152491429e+00 5.982414604764423327e-01 7.828490396258708905e+00
9.413489736070381753e+00 5.981389916911791227e-01 7.825909575382547168e+00
9.431085043988270300e+00 5.980080198209948295e-01 7.822612738602356508e+00
9.448680351906158847e+00 5.978475632246519345e-01 7.818576573507141525e+00
9.466275659824047395e+00 5.976569807951900293e-01 7.813786708454890650e+00
9.483870967741934166e+00 5.974360440748123224e-01 7.808239509949917334e+00
9.501466275659824490e+00 5.971849691411315053e-01 7.801942839706408783e+00
9.519061583577713037e+00 5.969044049633843718e-01 7.794915692731030354e+00
9.536656891495599808e+00 5.965953792500762187e-01 7.787186751724266998e+00
9.554252199413490132e+00 5.962592070412910950e-01 7.778792003371396646e+00
9.571847507331378679e+00 5.958973710107972055e-01 7.769771656942412896e+00
9.589442815249267227e+00 5.955113852607769598e-01 7.760166675174971829e+00
9.607038123167155774e+00 5.951026560362474571e-01 7.750015264810944160e+00
9.624633431085044322e+00 5.946723530984343586e-01 7.739349676137976530e+00
9.642228739002932869e+00 5.942213044534319089e-01 7.728193627978070523e+00
9.659824046920821417e+00 5.937499248434888743e-01 7.716560610707663415e+00
9.677419354838709964e+00 5.932581851018725594e-01 7.704453231859194950e+00
9.695014662756598511e+00 5.927456254712601957e-01 7.691863665413566586e+00
9.712609970674485282e+00 5.922114116764078950e-01 7.678775156997084572e+00
9.730205278592375606e+00 5.916544283393770920e-01 7.665164433158014212e+00
9.747800586510264154e+00 5.910734006360917059e-01 7.651004773595154518e+00
9.765395894428152701e+00 5.904670322779181912e-01 7.636269439321601737e+00
9.782991202346041248e+00 5.898341462436108573e-01 7.620935113964995011e+00
9.800586510263929796e+00 5.891738143598477251e-01 7.604985013719161913e+00
9.818181818181818343e+00 5.884854628788557251e-01 7.588411354565575806e+00
9.835777126099706891e+00 5.877689435375964555e-01 7.571216930353496188e+00
9.853372434017595438e+00 5.870245629807491206e-01 7.553415645733447370e+00
9.870967741935483986e+00 5.862530675526606005e-01 7.535031954397309661e+00
9.888563049853370757e+00 5.854555848964980713e-01 7.516099264295426963e+00
9.906158357771261080e+00 5.846335280925355482e-01 7.496657475619778133e+00
9.923753665689149628e+00 5.837884717870358564e-01 7.476749903409252163e+00
9.941348973607038175e+00 5.829220125351225468e-01 7.456419895906737594e+00
9.958944281524926723e+00 5.820356271322968400e-01 7.435707486700883884e+00
9.976539589442815270e+00 5.811305428937600936e-01 7.414646411278855709e+00
9.994134897360703818e+00 5.802076326501185433e-01 7.393261778546949436e+00
1.001173020527859236e+01 5.792673447888845306e-01 7.371568619944254941e+00
1.002932551319648091e+01 5.783096752280663111e-01 7.349571450208506995e+00
1.004692082111436946e+01 5.773341840982563200e-01 7.327264873493334996e+00
1.006451612903225801e+01 5.763400555298030525e-01 7.304635165996526069e+00
1.008211143695014655e+01 5.753261947130466902e-01 7.281662671167183909e+00
1.009970674486803510e+01 5.742913527298936227e-01 7.258324764823449904e+00
1.011730205278592365e+01 5.732342669025168869e-01 7.234599092640626061e+00
1.013489736070381220e+01 5.721538028443672319e-01 7.210466756895653084e+00
1.015249266862170074e+01 5.710490841939169782e-01 7.185915135859089808e+00
1.017008797653958929e+01 5.699195971947627060e-01 7.160940057458688557e+00
1.018768328445747784e+01 5.687652597511601016e-01 7.135547115180643551e+00
1.020527859237536639e+01 5.675864480968545456e-01 7.109752001902519325e+00
1.022287390029325493e+01 5.663839784186021076e-01 7.083579837313533467e+00
1.024046920821114348e+01 5.651590452495018901e-01 7.057063566175972191e+00
1.025806451612903203e+01 5.639131227376245059e-01 7.030241597180117985e+00
1.027565982404692058e+01 5.626478385681965566e-01 7.003154925956780907e+00
1.029325513196480912e+01 5.613648330054358260e-01 6.975844033640520969e+00
1.031085043988269767e+01 5.600656169607739487e-01 6.948345869982879286e+00
1.032844574780058622e+01 5.587514430545645894e-01 6.920691216497560916e+00
1.034604105571847477e+01 5.574232023256014967e-01 6.892902682804396441e+00
1.036363636363636331e+01 5.560813566969092792e-01 6.864993523234812933e+00
1.038123167155425364e+01 5.547259137843943977e-01 6.836967377896780107e+00
1.039882697947214041e+01 5.533564464820097673e-01 6.808818950997977737e+00
1.041642228739002896e+01 5.519721553744255660e-01 6.780535547996880297e+00
1.043401759530791750e+01 5.505719678359708436e-01 6.752099310558779877e+00
1.045161290322580605e+01 5.491546640761351128e-01 6.723489921968933025e+00
1.046920821114369637e+01 5.477190177370525603e-01 6.694687511796197477e+00
1.048680351906158315e+01 5.462639372009394645e-01 6.665675471432979116e+00
1.050439882697947169e+01 5.447885936767016268e-01 6.636442903454606856e+00
1.052199413489736024e+01 5.432925234245264967e-01 6.606986466569384042e+00
1.053958944281524879e+01 5.417756940267590693e-01 6.577311440454655767e+00
1.055718475073313911e+01 5.402385281749652046e-01 6.547431914620148063e+00
1.057478005865102588e+01 5.386818826608046340e-01 6.517370094258956748e+00
1.059237536656891443e+01 5.371069847059861679e-01 6.487154804486586102e+00
1.060997067448680298e+01 5.355153319927931088e-01 6.456819353174309661e+00
1.062756598240469152e+01 5.339085663340966681e-01 6.426398973713206786e+00
1.064516129032258185e+01 5.322883334944853440e-01 6.395928106620720754e+00
1.066275659824046862e+01 5.306561429926937024e-01 6.365437789765161725e+00
1.068035190615835717e+01 5.290132416620361155e-01 6.334953410919060168e+00
1.069794721407624571e+01 5.273605133399660305e-01 6.304493035862321015e+00
1.071554252199413426e+01 5.256984144519134539e-01 6.274066465096467482e+00
1.073313782991202459e+01 5.240269517117156495e-01 6.243675098749855046e+00
1.075073313782991136e+01 5.223457040291155096e-01 6.213312609711264756e+00
1.076832844574779990e+01 5.206538863925498362e-01 6.182966346938663094e+00
1.078592375366569023e+01 5.189504493964937071e-01 6.152619321434129596e+00
1.080351906158357700e+01 5.172342045998333804e-01 6.122252572888561062e+00
1.082111436950146732e+01 5.155039633723901282e-01 6.091847680486162986e+00
1.083870967741935409e+01 5.137586755610650258e-01 6.061389170061938891e+00
1.085630498533724264e+01 5.119975543228504344e-01 6.030866582844910617e+00
1.087390029325513296e+01 5.102201748372768852e-01 6.000276007165322056e+00
1.089149560117301974e+01 5.084265371983893722e-01 5.969620930152696126e+00
1.090909090909091006e+01 5.066170873430505539e-01 5.938912335912140072e+00
1.092668621700879683e+01 5.047926940418546726e-01 5.908168052701562978e+00
1.094428152492668538e+01 5.029545843392572158e-01 5.877411426290441554e+00
1.096187683284457570e+01 5.011042439376919289e-01 5.846669462219614033e+00
1.097947214076246247e+01 4.992432924621161283e-01 5.815970629512900558e+00
1.099706744868035280e+01 4.973733459749721253e-01 5.785342547812977188e+00
1.101466275659823957e+01 4.954958803038129189e-01 5.754809786576502439e+00
1.103225806451612812e+01 4.936121085909413453e-01 5.724391988976486267e+00
1.104985337243401844e+01 4.917228850085765268e-01 5.694102496908108435e+00
1.106744868035190521e+01 4.898286439628320443e-01 5.663947601182525382e+00
1.108504398826979553e+01 4.879293806015638224e-01 5.633926478117873060e+00
1.110263929618768408e+01 4.860246743889700127e-01 5.604031806464960574e+00
1.112023460410557085e+01 4.841137533047167874e-01 5.574250993262952036e+00
1.113782991202346118e+01 4.821955922682552020e-01 5.544567879767063445e+00
1.115542521994134795e+01 4.802690360582106410e-01 5.514964754223500520e+00
1.117302052785923827e+01 4.783329346130967274e-01 5.485424471006054681e+00
1.119061583577712682e+01 4.763862773981198395e-01 5.455932467988693801e+00
1.120821114369501359e+01 4.744283136276375989e-01 5.426478486725899053e+00
1.122580645161290391e+01 4.724586465417684455e-01 5.397057831804982442e+00
1.124340175953079068e+01 4.704772925162350461e-01 5.367672053441189028e+00
1.126099706744868101e+01 4.684846992828874401e-01 5.338328996125517811e+00
1.127859237536656956e+01 4.664817216035059833e-01 5.309042219818183916e+00
1.129618768328445633e+01 4.644695569589718520e-01 5.279829862181554923e+00
1.131378299120234665e+01 4.624496477614807310e-01 5.250713064296026467e+00
1.133137829912023342e+01 4.604235598712387856e-01 5.221714122824644200e+00
1.134897360703812375e+01 4.583928494777938512e-01 5.192854554923279409e+00
1.136656891495601229e+01 4.563589314731605895e-01 5.164153266519727836e+00
1.138416422287389906e+01 4.543229622100402043e-01 5.135625000144409036e+00
1.140175953079178939e+01 4.522857480446447198e-01 5.107279207371906438e+00
1.141935483870967616e+01 4.502476884730841622e-01 5.079119446717441200e+00
1.143695014662756648e+01 4.482087592463305792e-01 5.051143355135389257e+00
1.145454545454545503e+01 4.461685369279342339e-01 5.023343185244016240e+00
1.147214076246334180e+01 4.441262623179754732e-01 4.995706846288158864e+00
1.148973607038123212e+01 4.420809363909957157e-01 4.968219339572874205e+00
1.150733137829912067e+01 4.400314392440010658e-01 4.940864442903555975e+00
1.152492668621700922e+01 4.379766603253767987e-01 4.913626476707039004e+00
1.154252199413489777e+01 4.359156271353621936e-01 4.886491978980648909e+00
1.156011730205278454e+01 4.338476197640028231e-01 4.859451127509074375e+00
1.157771260997067486e+01 4.317722600538222433e-01 4.832498774794937724e+00
1.159530791788856341e+01 4.296895667063119761e-01 4.805635001152600339e+00
1.161290322580645196e+01 4.275999710444870483e-01 4.778865140341108209e+00
1.163049853372434050e+01 4.255042920564937603e-01 4.752199284902521192e+00
1.164809384164222728e+01 4.234036733805944808e-01 4.725651329568505865e+00
1.166568914956011760e+01 4.212994886398410688e-01 4.699237655468477826e+00
1.168328445747800615e+01 4.191932246180560262e-01 4.672975591026271580e+00
1.170087976539589469e+01 4.170863538839300055e-01 4.646881804310187825e+00
1.171847507331378324e+01 4.149802094183901446e-01 4.620970784759939498e+00
1.173607038123167001e+01 4.128758735051157869e-01 4.595253559882415573e+00
1.175366568914956034e+01 4.107740916538831222e-01 4.569736766446686360e+00
1.177126099706744888e+01 4.086752198044253936e-01 4.544422158899237729e+00
1.178885630498533743e+01 4.065792097616957590e-01 4.519306593984984133e+00
1.180645161290322598e+01 4.044856340660044625e-01 4.494382484166425051e+00
1.182404692082111453e+01 4.023937476628127730e-01 4.469638667704662893e+00
1.184164222873900307e+01 4.003025801716352250e-01 4.445061604265722721e+00
1.185923753665689162e+01 3.982110495992041144e-01 4.420636775138203411e+00
1.187683284457478017e+01 3.961180862807982539e-01 4.396350149262220341e+00
1.189442815249266872e+01 3.940227548671428881e-01 4.372189571901458294e+00
1.191202346041055726e+01 3.919243624008961757e-01 4.348145942317896306e+00
1.192961876832844581e+01 3.898225419306140527e-01 4.324214069291141271e+00
1.194721407624633436e+01 3.877173035573527327e-01 4.300393126512844333e+00
1.196480938416422291e+01 3.856090480574843604e-01 4.276686670402195745e+00
1.198240469208211145e+01 3.834985419476980018e-01 4.253102226563046706e+00
1.200000000000000000e+01 3.813868566763067847e-01 4.229650493437362435e+00
1.201759530791788855e+01 3.792752781508418325e-01 4.206344248393088847e+00
1.203519061583577709e+01 3.771651956910620496e-01 4.183197068900888382e+00
1.205278592375366564e+01 3.750579814465129225e-01 4.160221997077349521e+00
1.207038123167155419e+01 3.729548721573473502e-01 4.137430278507098436e+00
1.208797653958944274e+01 3.708568648009710755e-01 4.114830296079679428e+00
1.210557184750733128e+01 3.687646362086753893e-01 4.092426798032864355e+00
1.212316715542521983e+01 3.666784943160011356e-01 4.070220488933928848e+00
1.214076246334310838e+01 3.645983655753856634e-01 4.048208016108139518e+00
1.215835777126099693e+01 3.625238195175474742e-01 4.026382345564120335e+00
1.217595307917888547e+01 3.604541278384295055e-01 4.004733484352754225e+00
1.219354838709677402e+01 3.583883520524980271e-01 3.983249473894317827e+00
1.221114369501466257e+01 3.563254510056665381e-01 3.961917554023607124e+00
1.222873900293255289e+01 3.542643976434049491e-01 3.940725382558169176e+00
1.224633431085043966e+01 3.522042935658571960e-01 3.919662191443238797e+00
1.226392961876832821e+01 3.501444701603317333e-01 3.898719768303394062e+00
1.228152492668621676e+01 3.480845664621897151e-01 3.877893170766532283e+00
1.229912023460410531e+01 3.460245762277288084e-01 3.857181108373011647e+00
1.231671554252199563e+01 3.439648597761195692e-01 3.836585960459090838e+00
1.233431085043988240e+01 3.419061196616899889e-01 3.816113434664121229e+00
1.235190615835777095e+01 3.398493428166340924e-01 3.795771905932314283e+00
1.236950146627565950e+01 3.377957150934272623e-01 3.775571506480868145e+00
1.238709677419354804e+01 3.357465168060075889e-01 3.755523060177960115e+00
1.240469208211143837e+01 3.337030096576767413e-01 3.735636967991281310e+00
1.242228739002932514e+01 3.316663261870900214e-01 3.715922153608386846e+00
1.243988269794721369e+01 3.296373725065188109e-01 3.696385170108271723e+00
1.245747800586510223e+01 3.276167537040525768e-01 3.677029550840139382e+00
1.247507331378299078e+01 3.256047289888229779e-01 3.657855462455399387e+00
1.249266862170088110e+01 3.236012007099116627e-01 3.638859687943080790e+00
1.251026392961876788e+01 3.216057380648205677e-01 3.620035935463334020e+00
1.252785923753665642e+01 3.196176329488988888e-01 3.601375437743145724e+00
1.254545454545454497e+01 3.176359822999429428e-01 3.582867779609141934e+00
1.256304985337243352e+01 3.156597887529562496e-01 3.564501870321747923e+00
1.258064516129032384e+01 3.136880696798254875e-01 3.546266964629095853e+00
1.259824046920821061e+01 3.117199639147867907e-01 3.528153633028913827e+00
1.261583577712609916e+01 3.097548257387970905e-01 3.510154587934058323e+00
1.263343108504398948e+01 3.077922969912883500e-01 3.492265287665429430e+00
1.265102639296187625e+01 3.058323503735200233e-01 3.474484262947454383e+00
1.266862170087976658e+01 3.038752998843915476e-01 3.456813138541445340e+00
1.268621700879765335e+01 3.019217775986752783e-01 3.439256352979066733e+00
1.270381231671554190e+01 2.999726793248582157e-01 3.421820608928633600e+00
1.272140762463343222e+01 2.980290847276141908e-01 3.404514112547596394e+00
1.273900293255131899e+01 2.960921599622463041e-01 3.387345679698038126e+00
1.275659824046920932e+01 2.941630525051820433e-01 3.370323798317685249e+00
1.277419354838709609e+01 2.922427885263484404e-01 3.353455738646333284e+00
1.279178885630498463e+01 2.903321827887403450e-01 3.336746796454200137e+00
1.280938416422287496e+01 2.884317697336979403e-01 3.320199739839106101e+00
1.282697947214076173e+01 2.865417622643851026e-01 3.303814509203777394e+00
1.284457478005865205e+01 2.846620419944884128e-01 3.287588194852867574e+00
1.286217008797653882e+01 2.827921816536162480e-01 3.271515289707212837e+00
1.287976539589442737e+01 2.809314972280214096e-01 3.255588188426941976e+00
1.289736070381231769e+01 2.790791245572220025e-01 3.239797881145406677e+00
1.291495601173020447e+01 2.772341127715057807e-01 3.224134772122126069e+00
1.293255131964809479e+01 2.753955253613843968e-01 3.208589542531198102e+00
1.295014662756598156e+01 2.735625389726246137e-01 3.193153973338779927e+00
1.296774193548387011e+01 2.717345302892024139e-01 3.177821649084898059e+00
1.298533724340176043e+01 2.699111425804389675e-01 3.162588475911053632e+00
1.300293255131964720e+01 2.680923255309167752e-01 3.147452966127847862e+00
1.302052785923753753e+01 2.662783446405034837e-01 3.132416265092775376e+00
1.303812316715542607e+01 2.644697595070824025e-01 3.117481921770292264e+00
1.305571847507331285e+01 2.626673733785279130e-01 3.102655429455733582e+00
1.307331378299120317e+01 2.608721591700924325e-01 3.087943585211681441e+00
1.309090909090908994e+01 2.590851694067416999e-01 3.073353733410002953e+00
1.310850439882698026e+01 2.573074390473433226e-01 3.058892968826577796e+00
1.312609970674486881e+01 2.555398907424744070e-01 3.044567377182096024e+00
1.314369501466275558e+01 2.537832517298110879e-01 3.030381385858183840e+00
1.316129032258064591e+01 2.520379903343696881e-01 3.016337285485047204e+00
1.317888563049853268e+01 2.503042780531091749e-01 3.002434965556757263e+00
1.319648093841642300e+01 2.485819806685777011e-01 2.988671885990114685e+00
1.321407624633431155e+01 2.468706790025109177e-01 2.975043283662528459e+00
1.323167155425219832e+01 2.451697170567960771e-01 2.961542590574693268e+00
1.324926686217008864e+01 2.434782726633548944e-01 2.948162020418225282e+00
1.326686217008797541e+01 2.417954436209693581e-01 2.934893264779112165e+00
1.328445747800586574e+01 2.401203408367978687e-01 2.921728230381057667e+00
1.330205278592375429e+01 2.384521793536590051e-01 2.908659745576683164e+00
1.331964809384164106e+01 2.367903583958643754e-01 2.895682168037576165e+00
1.333724340175953138e+01 2.351345226861245308e-01 2.882791835924858770e+00
1.335483870967741993e+01 2.334845991671000154e-01 2.869987320733018432e+00
1.337243401759530848e+01 2.318408057172143544e-01 2.857269459897486374e+00
1.339002932551319702e+01 2.302036312334357626e-01 2.844641169117402058e+00
1.340762463343108379e+01 2.285737892802038040e-01 2.832107055933575701e+00
1.342521994134897412e+01 2.269521500856002127e-01 2.819672875224525477e+00
1.344281524926686266e+01 2.253396577443014248e-01 2.807344882047577261e+00
1.346041055718475121e+01 2.237372408596745299e-01 2.795129146268014786e+00
1.347800586510263976e+01 2.221457254010086313e-01 2.783030895945748373e+00
1.349560117302052653e+01 2.205657582295834640e-01 2.771053952424871181e+00
1.351319648093841685e+01 2.189977486105856019e-01 2.759200310093373965e+00
1.353079178885630540e+01 2.174418332031905765e-01 2.747469898971121705e+00
1.354838709677419395e+01 2.158978676970402522e-01 2.735860550176508532e+00
1.356598240469208250e+01 2.143654456658219964e-01 2.724368164661825631e+00
1.358357771260996927e+01 2.128439425846354038e-01 2.712987066232257050e+00
1.360117302052785959e+01 2.113325805505908150e-01 2.701710502529427238e+00
1.361876832844574814e+01 2.098305072794945936e-01 2.690531243938793615e+00
1.363636363636363669e+01 2.083368816081473118e-01 2.679442221509428013e+00
1.365395894428152523e+01 2.068509571418991055e-01 2.668437141791637046e+00
1.367155425219941201e+01 2.053721559095821048e-01 2.657511019307780664e+00
1.368914956011730233e+01 2.039001249061840881e-01 2.646660575926656822e+00
1.370674486803519088e+01 2.024347701209393002e-01 2.635884469885537040e+00
1.372434017595307942e+01 2.009762648951399777e-01 2.625183334253680112e+00
1.374193548387096797e+01 1.995250320035147629e-01 2.614559623530194887e+00
1.375953079178885652e+01 1.980817014451451974e-01 2.604017285883570842e+00
1.377712609970674507e+01 1.966470483005486047e-01 2.593561295358479679e+00
1.379472140762463361e+01 1.952219169226672713e-01 2.583197091525573974e+00
1.381231671554252216e+01 1.938071389953432977e-01 2.572929982285536266e+00
1.382991202346041071e+01 1.924034534996177104e-01 2.562764568165700307e+00
1.384750733137829926e+01 1.910114363423858763e-01 2.552704243365819359e+00
1.386510263929618780e+01 1.896314463699847186e-01 2.542750820486693542e+00
1.388269794721407635e+01 1.882635928274094816e-01 2.532904313255479156e+00
1.390029325513196490e+01 1.869077272031323400e-01 2.523162895943423134e+00
1.391788856304985345e+01 1.855634600265901046e-01 2.513523041065905961e+00
1.393548387096774199e+01 1.842302007845024459e-01 2.503979819955057362e+00
1.395307917888563054e+01 1.829072169152674288e-01 2.494527335445740679e+00
1.397067448680351909e+01 1.815937060314823936e-01 2.485159243605849166e+00
1.398826979472140764e+01 1.802888742773119113e-01 2.475869313292706320e+00
1.400586510263929618e+01 1.789920131696112748e-01 2.466651969098246244e+00
1.402346041055718473e+01 1.777025674554634227e-01 2.457502765273547940e+00
1.404105571847507328e+01 1.764201874323954033e-01 2.448418745338070579e+00
1.405865102639296182e+01 1.751447607336762691e-01 2.439398653593480848e+00
1.407624633431085215e+01 1.738764206279546365e-01 2.430442979546417082e+00
1.409384164222873892e+01 1.726155302130966962e-01 2.421553832799532291e+00
1.411143695014662747e+01 1.713626442607407707e-01 2.412734662605545033e+00
1.412903225806451601e+01 1.701184526485965409e-01 2.403989851303383496e+00
1.414662756598240456e+01 1.688837110820033960e-01 2.395324222765317757e+00
1.416422287390029311e+01 1.676591659837185500e-01 2.386742514645408875e+00
1.418181818181818166e+01 1.664454809149268355e-01 2.378248865969776027e+00
1.419941348973607020e+01 1.652431716492488989e-01 2.369846369312579970e+00
1.421700879765395875e+01 1.640525560958219498e-01 2.361536729822767189e+00
1.423460410557184730e+01 1.628737237625383916e-01 2.353320062501087051e+00
1.425219941348973762e+01 1.617065275212272446e-01 2.345194845492156510e+00
1.426979472140762439e+01 1.605505982706502688e-01 2.337158032069595492e+00
1.428739002932551294e+01 1.594053808946313266e-01 2.329205308859152002e+00
1.430498533724340149e+01 1.582701878832773468e-01 2.321331474035942311e+00
1.432258064516129004e+01 1.571442653123139022e-01 2.313530898003943737e+00
1.434017595307917858e+01 1.560268647131542175e-01 2.305798021438723477e+00
1.435777126099706713e+01 1.549173138267640470e-01 2.298127842276754595e+00
1.437536656891495568e+01 1.538150793724858134e-01 2.290516344598946485e+00
1.439296187683284423e+01 1.527198157710284998e-01 2.282960828286026977e+00
1.441055718475073277e+01 1.516313951636949209e-01 2.275460108263985592e+00
1.442815249266862310e+01 1.505499159307188140e-01 2.268014565135906491e+00
1.444574780058650987e+01 1.494756890430035678e-01 2.260626043704124566e+00
1.446334310850439842e+01 1.484092037661400576e-01 2.253297610822875718e+00
1.448093841642228874e+01 1.473510762501370475e-01 2.246033197663734882e+00
1.449853372434017551e+01 1.463019861795171739e-01 2.238837162454868857e+00
1.451612903225806406e+01 1.452626077667079907e-01 2.231713817015450463e+00
1.453372434017595261e+01 1.442335418464975316e-01 2.224666963307324163e+00
1.455131964809384115e+01 1.432152556388579523e-01 2.217699484597322801e+00
1.456891495601173148e+01 1.422080359262218319e-01 2.210813029944382002e+00
1.458651026392961825e+01 1.412119600338943015e-01 2.204007821272803369e+00
1.460410557184750857e+01 1.402268872478101835e-01 2.197282600233124938e+00
1.462170087976539534e+01 1.392524713237835998e-01 2.190634718556609517e+00
1.463929618768328389e+01 1.382881927212455675e-01 2.184060361925617144e+00
1.465689149560117421e+01 1.373334073179259818e-01 2.177554884755842579e+00
1.467448680351906098e+01 1.363874068012940755e-01 2.171113222859615721e+00
1.469208211143694953e+01 1.354494848320197953e-01 2.164730343687956804e+00
1.470967741935483808e+01 1.345190025401112321e-01 2.158401690428136011e+00
1.472727272727272663e+01 1.335954470007096884e-01 2.152123577014654288e+00
1.474486803519061695e+01 1.326784770415339321e-01 2.145893496059937622e+00
1.476246334310850372e+01 1.317679519938844968e-01 2.139710310377611613e+00
1.478005865102639405e+01 1.308639406914905989e-01 2.133574310312980948e+00
1.479765395894428082e+01 1.299667099769659939e-01 2.127487132357385402e+00
1.481524926686216936e+01 1.290766939945470482e-01 2.121451548152113897e+00
1.483284457478005969e+01 1.281944474233882303e-01 2.115471145590610114e+00
1.485043988269794646e+01 1.273205873484981321e-01 2.109549934036678565e+00
1.486803519061583501e+01 1.264557295251533819e-01 2.103691912687605914e+00
1.488563049853372533e+01 1.256004252715323954e-01 2.097900644199179432e+00
1.490322580645161210e+01 1.247551050891048674e-01 2.092178874644222031e+00
1.492082111436950242e+01 1.239200343899166390e-01 2.086528235909847151e+00
1.493841642228738920e+01 1.230952854874619029e-01 2.080949058323256384e+00
1.495601173020527952e+01 1.222807284095490249e-01 2.075440310486756701e+00
1.497360703812316807e+01 1.214760412724518041e-01 2.069999671042853429e+00
1.499120234604105484e+01 1.206807390855015732e-01 2.064623724517465675e+00
1.500879765395894339e+01 1.198942181037477711e-01 2.059308261637623261e+00
1.502639296187683193e+01 1.191158113737359053e-01 2.054048654660120654e+00
1.504398826979472048e+01 1.183448500586637836e-01 2.048840271179249051e+00
1.506158357771261080e+01 1.175807245864112921e-01 2.043678886286313556e+00
1.507917888563049935e+01 1.168229396935435704e-01 2.038561053204927198e+00
1.509677419354838612e+01 1.160711580444533098e-01 2.033484396647303516e+00
1.511436950146627467e+01 1.153252282338958351e-01 2.028447800764826781e+00
1.513196480938416499e+01 1.145851945253757026e-01 2.023451473972905923e+00
1.514956011730205354e+01 1.138512874827934812e-01 2.018496885076152214e+00
1.516715542521994209e+01 1.131238965346452185e-01 2.013586577770202002e+00
1.518475073313782886e+01 1.124035272755830733e-01 2.008723882454212184e+00
1.520234604105571741e+01 1.116907477802179804e-01 2.003912554154001491e+00
1.521994134897360595e+01 1.109861292341359218e-01 1.999156372263667159e+00
1.523753665689149628e+01 1.102901866823502858e-01 1.994458741130564317e+00
1.525513196480938483e+01 1.096033256198179207e-01 1.989822329995614369e+00
1.527272727272727160e+01 1.089257995235747845e-01 1.985248786601988336e+00
1.529032258064516014e+01 1.082576823248163761e-01 1.980738551390656355e+00
1.530791788856305047e+01 1.075988583560445466e-01 1.976290789374299139e+00
1.532551319648093902e+01 1.069490306244935407e-01 1.971903445466159033e+00
1.534310850439882756e+01 1.063077465147931611e-01 1.967573417284609105e+00
1.536070381231671433e+01 1.056744383695614048e-01 1.963296828319380349e+00
1.537829912023460288e+01 1.050484749859143252e-01 1.959069374837279831e+00
1.539589442815249143e+01 1.044292190286659899e-01 1.954886712899451817e+00
1.541348973607038175e+01 1.038160847968220973e-01 1.950744848032024192e+00
1.543108504398827030e+01 1.032085907482210851e-01 1.946640489841159116e+00
1.544868035190616062e+01 1.026064016986543148e-01 1.942571337269376253e+00
1.546627565982404562e+01 1.020093566237073035e-01 1.938536266969226318e+00
1.548387096774193594e+01 1.014174794085805631e-01 1.934535406785620859e+00
1.550146627565982449e+01 1.008309715726309619e-01 1.930570087646825250e+00
1.551906158357771304e+01 1.002501877701459099e-01 1.926642679117363199e+00
1.553665689149560336e+01 9.967559655451639633e-02 1.922756325238289543e+00
1.555425219941348836e+01 9.910773031702946323e-02 1.918914606910481879e+00
1.557184750733137690e+01 9.854712933416923115e-02 1.915121164021415634e+00
1.558944281524926723e+01 9.799428538205808004e-02 1.911379314119673323e+00
1.560703812316715577e+01 9.744959036439389266e-02 1.907691704432673552e+00
1.562463343108504610e+01 9.691329486477628929e-02 1.904060030484367561e+00
1.564222873900293109e+01 9.638548053998988174e-02 1.900484847923594955e+00
1.565982404692082142e+01 9.586604892068754935e-02 1.896965495105280786e+00
1.567741935483870996e+01 9.535472761035862499e-02 1.893500133348288150e+00
1.569501466275659851e+01 9.485109321779061631e-02 1.890085900603021507e+00
1.571260997067448884e+01 9.435460877164056348e-02 1.886719163507564412e+00
1.573020527859237383e+01 9.386467199077958012e-02 1.883395843461093788e+00
1.574780058651026238e+01 9.338066974708281176e-02 1.880111785258717028e+00
1.576539589442815270e+01 9.290203345796343992e-02 1.876863132695438807e+00
1.578299120234604125e+01 9.242829004771702106e-02 1.873646674797377676e+00
1.580058651026393157e+01 9.195910353781736046e-02 1.870460129107529124e+00
1.581818181818181657e+01 9.149430323444672497e-02 1.867302334531497854e+00
1.583577712609970689e+01 9.103389579280922461e-02 1.864173335075386850e+00
1.585337243401759544e+01 9.057806002332688400e-02 1.861074346518217570e+00
1.587096774193548399e+01 9.012712500336762800e-02 1.858007609568216978e+00
1.588856304985337431e+01 8.968153369469725189e-02 1.854976144173738017e+00
1.590615835777125930e+01 8.924179567358535292e-02 1.851983429257859193e+00
1.592375366568914785e+01 8.880843361708977424e-02 1.849033039264412981e+00
1.594134897360703818e+01 8.838192875768538515e-02 1.846128272868794218e+00
1.595894428152492672e+01 8.796267057398096667e-02 1.843271809699242425e+00
1.597653958944281705e+01 8.755091553389141024e-02 1.840465427958074329e+00
1.599413489736070204e+01 8.714675880510479311e-02 1.837709809797143379e+00
1.601173020527859236e+01 8.675012158880715529e-02 1.835004452804610109e+00
1.602932551319647914e+01 8.636075523823295852e-02 1.832347695820862654e+00
1.604692082111436946e+01 8.597826173074879508e-02 1.829736856449835747e+00
1.606451612903225978e+01 8.560212851319110028e-02 1.827168467040219735e+00
1.608211143695014655e+01 8.523177437385748290e-02 1.824638586531798445e+00
1.609970674486803333e+01 8.486660193535566776e-02 1.822143158253565209e+00
1.611730205278592365e+01 8.450605171305874963e-02 1.819678379232657184e+00
1.613489736070381397e+01 8.414965251253744838e-02 1.817241045302874003e+00
1.615249266862170074e+01 8.379706327319370873e-02 1.814828838483520945e+00
1.617008797653959107e+01 8.344810228201791913e-02 1.812440528589632338e+00
1.618768328445747784e+01 8.310276090789155135e-02 1.810076069343430794e+00
1.620527859237536461e+01 8.276120052387235526e-02 1.807736579578016700e+00
1.622287390029325493e+01 8.242373293857163663e-02 1.805424211414067059e+00
1.624046920821114526e+01 8.209078627737213807e-02 1.803141918387329179e+00
1.625806451612903203e+01 8.176285967264482202e-02 1.800893146266449030e+00
1.627565982404691880e+01 8.144047119670219659e-02 1.798681476746895491e+00
1.629325513196480912e+01 8.112410409927768573e-02 1.796510258623469580e+00
1.631085043988269945e+01 8.081415654026970208e-02 1.794382262054783572e+00
1.632844574780058622e+01 8.051089963799974714e-02 1.792299389116732478e+00
1.634604105571847654e+01 8.021444783052621152e-02 1.790262468303159382e+00
1.636363636363636331e+01 7.992474435912912123e-02 1.788271152548829734e+00
1.638123167155425008e+01 7.964156324293057698e-02 1.786323930495744117e+00
1.639882697947214041e+01 7.936452755345851928e-02 1.784418250001237993e+00
1.641642228739003073e+01 7.909314225624497485e-02 1.782550742250829323e+00
1.643401759530792106e+01 7.882683850009537807e-02 1.780717525239658761e+00
1.645161290322580427e+01 7.856502512989403664e-02 1.778914557703793919e+00
1.646920821114369460e+01 7.830714248177855774e-02 1.777138009556656018e+00
1.648680351906158492e+01 7.805271326669233067e-02 1.775384613051749882e+00
1.650439882697947169e+01 7.780138559557212008e-02 1.773651960505108871e+00
1.652199413489736202e+01 7.755296393555650980e-02 1.771938719399256845e+00
1.653958944281524879e+01 7.730742494762647687e-02 1.770244743621552042e+00
1.655718475073313556e+01 7.706491663180051188e-02 1.768571069712156163e+00
1.657478005865102588e+01 7.682574084636227540e-02 1.766919798284694032e+00
1.659237536656891621e+01 7.659032090347336896e-02 1.765293872076550086e+00
1.660997067448680298e+01 7.635915740494637893e-02 1.763696772216193809e+00
1.662756598240468975e+01 7.613277662040444926e-02 1.762132162234089305e+00
1.664516129032258007e+01 7.591167641541624045e-02 1.760603514321665619e+00
1.666275659824047040e+01 7.569627494822944724e-02 1.759113753920614087e+00
1.668035190615835717e+01 7.548686706190986528e-02 1.757664956824419811e+00
1.669794721407624749e+01 7.528359254356926933e-02 1.756258127849846806e+00
1.671554252199413426e+01 7.508641928422679634e-02 1.754893082328426779e+00
1.673313782991202103e+01 7.489514296082440403e-02 1.753568441923840204e+00
1.675073313782991136e+01 7.470940330429064191e-02 1.752281745487920706e+00
1.676832844574780168e+01 7.452871545170895728e-02 1.751029664783427142e+00
1.678592375366569200e+01 7.435251344421767161e-02 1.749808304889335142e+00
1.680351906158357522e+01 7.418020175557590856e-02 1.748613560878394368e+00
1.682111436950146555e+01 7.401120993207663257e-02 1.747441496707722530e+00
1.683870967741935587e+01 7.384504507817261920e-02 1.746288709790555949e+00
1.685630498533724264e+01 7.368133708081663069e-02 1.745152645750767118e+00
1.687390029325513296e+01 7.351987212847867215e-02 1.744031832399890680e+00
1.689149560117301974e+01 7.336061119454952151e-02 1.742926009651315944e+00
1.690909090909090651e+01 7.320369161506282141e-02 1.741836142179775893e+00
1.692668621700879683e+01 7.304941154950589377e-02 1.740764313127551866e+00
1.694428152492668715e+01 7.289819880100638361e-02 1.739713508879510151e+00
1.696187683284457393e+01 7.275056700978556334e-02 1.738687315641922027e+00
1.697947214076246425e+01 7.260706346566729585e-02 1.737689557182166888e+00
1.699706744868035102e+01 7.246821358953310643e-02 1.736723908762090041e+00
1.701466275659824134e+01 7.233446743870212969e-02 1.735793524518226993e+00
1.703225806451612812e+01 7.220615337921687527e-02 1.734900714163874813e+00
1.704985337243401844e+01 7.208344337152883252e-02 1.734046700120345896e+00
1.706744868035190876e+01 7.196633320978541859e-02 1.733231478533874492e+00
1.708504398826979198e+01 7.185463964567184725e-02 1.732453797837995246e+00
1.710263929618768231e+01 7.174801474234464294e-02 1.731711257463377063e+00
1.712023460410557263e+01 7.164597618139420532e-02 1.731000517954325080e+00
1.713782991202346295e+01 7.154795072721216453e-02 1.730317603119123637e+00
1.715542521994134972e+01 7.145332677525259579e-02 1.729658265883490476e+00
1.717302052785923649e+01 7.136151099526870378e-02 1.729018383089545807e+00
1.719061583577712682e+01 7.127198362485535899e-02 1.728394341267256662e+00
1.720821114369501359e+01 7.118434703173204259e-02 1.727783375813114031e+00
1.722580645161290391e+01 7.109836275753725343e-02 1.727183830125378572e+00
1.724340175953079424e+01 7.101397333708664439e-02 1.726595308755647817e+00
1.726099706744867746e+01 7.093130665651672939e-02 1.726018708857403050e+00
1.727859237536656778e+01 7.085066232463972657e-02 1.725456126125085587e+00
1.729618768328445810e+01 7.077248130660233894e-02 1.724910643791472520e+00
1.731378299120234487e+01 7.069730172127521028e-02 1.724386024794022143e+00
1.733137829912023520e+01 7.062570506228857403e-02 1.723886336739076208e+00
1.734897360703812197e+01 7.055825803216905778e-02 1.723415545839555918e+00
1.736656891495601229e+01 7.049545559476634582e-02 1.722977118974189814e+00
1.738416422287389906e+01 7.043767072443588018e-02 1.722573672199231076e+00
1.740175953079178939e+01 7.038511568659076845e-02 1.722206699598655133e+00
1.741935483870967971e+01 7.033781859383698987e-02 1.721876408767462063e+00
1.743695014662756293e+01 7.029561755066905671e-02 1.721581679219534200e+00
1.745454545454545325e+01 7.025817305572269744e-02 1.721320148495495417e+00
1.747214076246334358e+01 7.022499761695541465e-02 1.721088418728083713e+00
1.748973607038123390e+01 7.019549989900460141e-02 1.720882364944433141e+00
1.750733137829912067e+01 7.016903930936771450e-02 1.720697516478838729e+00
1.752492668621700744e+01 7.014498587446622857e-02 1.720529475475534475e+00
1.754252199413489777e+01 7.012277966937119356e-02 1.720374332356202185e+00
1.756011730205278454e+01 7.010198402064156398e-02 1.720229037826681129e+00
1.757771260997067486e+01 7.008232722628944533e-02 1.720091694673998806e+00
1.759530791788856519e+01 7.006372859729431690e-02 1.719961740019685603e+00
1.761290322580644840e+01 7.004630612750432916e-02 1.719839999189590962e+00
1.763049853372433873e+01 7.003036489459264768e-02 1.719728604898558944e+00
1.764809384164222905e+01 7.001636719762165117e-02 1.719630788735532434e+00
1.766568914956011582e+01 7.000488724558709408e-02 1.719550564574229279e+00
1.768328445747800615e+01 6.999655473653500215e-02 1.719492334207747275e+00
1.770087976539589647e+01 6.999199275496267858e-02 1.719460453139418421e+00
1.771847507331378324e+01 6.999175596448597991e-02 1.719458798338856953e+00
1.773607038123167001e+01 6.999627504232605602e-02 1.719490379593992424e+00
1.775366568914956034e+01 7.000581270912299703e-02 1.719557031963679705e+00
1.777126099706745066e+01 7.002043561961565632e-02 1.719659219225536440e+00
1.778885630498533743e+01 7.004000490255281319e-02 1.719795967857628005e+00
1.780645161290322420e+01 7.006418640441516854e-02 1.719964938924525510e+00
1.782404692082111453e+01 7.009247984958058564e-02 1.720162632309775619e+00
1.784164222873900485e+01 7.012426433666897607e-02 1.720384705162879335e+00
1.785923753665689162e+01 7.015885600389072663e-02 1.720626375319699530e+00
1.787683284457478194e+01 7.019557246512296567e-02 1.720882871863663510e+00
1.789442815249266872e+01 7.023379786924541235e-02 1.721149889798887944e+00
1.791202346041055549e+01 7.027304226506664309e-02 1.721424004672125418e+00
1.792961876832844581e+01 7.031298940085858873e-02 1.721703006157128124e+00
1.794721407624633613e+01 7.035352813479257839e-02 1.721986116974107972e+00
1.796480938416422291e+01 7.039476418931119028e-02 1.722274074412912359e+00
1.798240469208210968e+01 7.043701089809729921e-02 1.722569065108913611e+00
1.800000000000000000e+01 7.048075966937938919e-02 1.722874518199119853e+00
